chr	start	end	targetChr	targetStart	targetEnd
2	151280000	151290000	2	152710000	152720000
2	151820000	151830000	2	152710000	152720000
2	199960000	199970000	2	200880000	200890000
2	208250000	208260000	2	210170000	210180000
1	70130000	70140000	1	71040000	71050000
2	212680000	212690000	2	213150000	213160000
2	212770000	212780000	2	213150000	213160000
2	164990000	165000000	2	166120000	166130000
2	165010000	165020000	2	165200000	165210000
2	168160000	168170000	2	168240000	168250000
2	169450000	169460000	2	170810000	170820000
2	169930000	169940000	2	170810000	170820000
2	170230000	170240000	2	170810000	170820000
1	2420000	2430000	1	2800000	2810000
2	173750000	173760000	2	174330000	174340000
2	174330000	174340000	2	176080000	176090000
2	174710000	174720000	2	176090000	176100000
2	175030000	175040000	2	176090000	176100000
2	175190000	175200000	2	176090000	176100000
2	175360000	175370000	2	176090000	176100000
2	175680000	175690000	2	176080000	176090000
2	181300000	181310000	2	181450000	181460000
2	217780000	217790000	2	218060000	218070000
2	218270000	218280000	2	218650000	218660000
1	3480000	3490000	1	3620000	3630000
2	218290000	218300000	2	218380000	218390000
2	218400000	218410000	2	218650000	218660000
2	219730000	219740000	2	221570000	221580000
2	220680000	220690000	2	221570000	221580000
1	41510000	41520000	1	42740000	42750000
2	226030000	226040000	2	226790000	226800000
2	227130000	227140000	2	227870000	227880000
2	227360000	227370000	2	227470000	227480000
2	227880000	227890000	2	229710000	229720000
2	231610000	231620000	2	231700000	231710000
2	234280000	234290000	2	234490000	234500000
2	235770000	235780000	2	237560000	237570000
2	237150000	237160000	2	237560000	237570000
2	237150000	237160000	2	237480000	237490000
1	6240000	6250000	1	6410000	6420000
2	238360000	238370000	2	240130000	240140000
2	239030000	239040000	2	240140000	240150000
2	240150000	240160000	2	240430000	240440000
2	240230000	240240000	2	240430000	240440000
3	39110000	39120000	3	39280000	39290000
3	39190000	39200000	3	39280000	39290000
3	39400000	39410000	3	40450000	40460000
3	39440000	39450000	3	40310000	40320000
3	40190000	40200000	3	40310000	40320000
1	41570000	41580000	1	42160000	42170000
3	45030000	45040000	3	46370000	46380000
3	45940000	45950000	3	46370000	46380000
3	49540000	49550000	3	49670000	49680000
3	49700000	49710000	3	49900000	49910000
3	51390000	51400000	3	51670000	51680000
3	51500000	51510000	3	51670000	51680000
3	53120000	53130000	3	53880000	53890000
3	56700000	56710000	3	56800000	56810000
3	58310000	58320000	3	58530000	58540000
3	58640000	58650000	3	59050000	59060000
3	62200000	62210000	3	63810000	63820000
3	62330000	62340000	3	63810000	63820000
3	62620000	62630000	3	63810000	63820000
3	63350000	63360000	3	63810000	63820000
3	66410000	66420000	3	66500000	66510000
3	71000000	71010000	3	71580000	71590000
3	71700000	71710000	3	73060000	73070000
3	72930000	72940000	3	73060000	73070000
3	19940000	19950000	3	20180000	20190000
3	19940000	19950000	3	20040000	20050000
3	20040000	20050000	3	20180000	20190000
3	23940000	23950000	3	25780000	25790000
3	25780000	25790000	3	27480000	27490000
3	32500000	32510000	3	32680000	32690000
3	3120000	3130000	3	4300000	4310000
1	11030000	11040000	1	11730000	11740000
3	11380000	11390000	3	11640000	11650000
3	11650000	11660000	3	12480000	12490000
3	88020000	88030000	3	88140000	88150000
3	111700000	111710000	3	111970000	111980000
3	113730000	113740000	3	114050000	114060000
3	116760000	116770000	3	117990000	118000000
3	119270000	119280000	3	119670000	119680000
3	121540000	121550000	3	122380000	122390000
3	122390000	122400000	3	122680000	122690000
3	122560000	122570000	3	122680000	122690000
1	15320000	15330000	1	15430000	15440000
3	128080000	128090000	3	128490000	128500000
3	128970000	128980000	3	129240000	129250000
3	130740000	130750000	3	132410000	132420000
3	130760000	130770000	3	132030000	132040000
3	130900000	130910000	3	132410000	132420000
3	131020000	131030000	3	132410000	132420000
3	131030000	131040000	3	132030000	132040000
3	132720000	132730000	3	134480000	134490000
3	133810000	133820000	3	134480000	134490000
3	133930000	133940000	3	134480000	134490000
3	134300000	134310000	3	134480000	134490000
3	98040000	98050000	3	98580000	98590000
3	169140000	169150000	3	169660000	169670000
3	179010000	179020000	3	179560000	179570000
3	179430000	179440000	3	179560000	179570000
3	179580000	179590000	3	180980000	180990000
3	179590000	179600000	3	180600000	180610000
3	179630000	179640000	3	180600000	180610000
3	156550000	156560000	3	156670000	156680000
1	22120000	22130000	1	22640000	22650000
3	183890000	183900000	3	184270000	184280000
3	185970000	185980000	3	186540000	186550000
3	185970000	185980000	3	186610000	186620000
3	186250000	186260000	3	186540000	186550000
3	186250000	186260000	3	186610000	186620000
3	193780000	193790000	3	194130000	194140000
4	18690000	18700000	4	20250000	20260000
4	21780000	21790000	4	22690000	22700000
4	22400000	22410000	4	22690000	22700000
4	26060000	26070000	4	26320000	26330000
1	25500000	25510000	1	25800000	25810000
4	240000	250000	4	670000	680000
4	240000	250000	4	990000	1000000
4	1130000	1140000	4	1340000	1350000
4	1350000	1360000	4	1720000	1730000
4	3340000	3350000	4	3440000	3450000
4	10570000	10580000	4	11420000	11430000
4	12850000	12860000	4	13540000	13550000
4	13480000	13490000	4	15000000	15010000
4	13640000	13650000	4	15000000	15010000
4	15000000	15010000	4	16220000	16230000
4	15660000	15670000	4	16220000	16230000
1	43530000	43540000	1	43930000	43940000
4	17550000	17560000	4	17810000	17820000
4	17810000	17820000	4	18020000	18030000
4	38760000	38770000	4	38860000	38870000
4	39460000	39470000	4	39970000	39980000
4	39690000	39700000	4	39970000	39980000
4	40950000	40960000	4	41210000	41220000
4	47690000	47700000	4	47830000	47840000
4	51840000	51850000	4	52020000	52030000
4	51890000	51900000	4	52020000	52030000
4	52370000	52380000	4	54220000	54230000
4	53910000	53920000	4	54220000	54230000
4	55350000	55360000	4	55540000	55550000
4	55400000	55410000	4	55540000	55550000
4	73070000	73080000	4	73250000	73260000
4	112100000	112110000	4	112230000	112240000
4	113540000	113550000	4	113760000	113770000
4	116360000	116370000	4	118030000	118040000
4	120060000	120070000	4	121800000	121810000
4	121810000	121820000	4	122730000	122740000
4	121810000	121820000	4	122920000	122930000
4	121900000	121910000	4	122920000	122930000
4	122310000	122320000	4	122920000	122930000
4	128280000	128290000	4	129090000	129100000
4	128450000	128460000	4	128800000	128810000
4	128810000	128820000	4	129090000	129100000
4	141310000	141320000	4	142840000	142850000
4	142120000	142130000	4	142840000	142850000
4	145090000	145100000	4	145610000	145620000
4	145220000	145230000	4	145610000	145620000
1	34860000	34870000	1	35550000	35560000
4	78630000	78640000	4	78770000	78780000
1	35190000	35200000	1	35550000	35560000
4	80050000	80060000	4	80190000	80200000
4	80610000	80620000	4	81030000	81040000
1	35440000	35450000	1	35550000	35560000
1	35570000	35580000	1	35710000	35720000
4	83490000	83500000	4	84960000	84970000
4	84750000	84760000	4	84960000	84970000
4	86500000	86510000	4	87830000	87840000
4	87850000	87860000	4	87970000	87980000
4	89450000	89460000	4	89890000	89900000
4	98140000	98150000	4	99940000	99950000
4	98920000	98930000	4	99940000	99950000
4	102430000	102440000	4	103090000	103100000
4	102610000	102620000	4	103090000	103100000
4	105130000	105140000	4	105470000	105480000
4	105150000	105160000	4	105700000	105710000
4	105150000	105160000	4	106310000	106320000
4	105470000	105480000	4	106310000	106320000
4	105700000	105710000	4	106310000	106320000
4	108010000	108020000	4	109810000	109820000
4	108630000	108640000	4	109810000	109820000
4	109420000	109430000	4	109810000	109820000
4	109430000	109440000	4	109560000	109570000
1	44720000	44730000	1	45490000	45500000
4	182810000	182820000	4	182910000	182920000
4	184260000	184270000	4	184730000	184740000
4	165120000	165130000	4	165320000	165330000
4	165130000	165140000	4	165370000	165380000
1	111480000	111490000	1	111750000	111760000
4	173020000	173030000	4	173160000	173170000
1	112390000	112400000	1	112700000	112710000
4	177300000	177310000	4	177440000	177450000
1	112710000	112720000	1	113070000	113080000
4	151100000	151110000	4	152530000	152540000
4	151110000	151120000	4	152770000	152780000
4	152430000	152440000	4	153760000	153770000
4	154320000	154330000	4	155370000	155380000
4	154550000	154560000	4	155370000	155380000
4	162500000	162510000	4	163470000	163480000
5	43090000	43100000	5	44800000	44810000
5	43500000	43510000	5	44800000	44810000
5	2740000	2750000	5	3590000	3600000
5	56830000	56840000	5	58460000	58470000
5	56900000	56910000	5	58460000	58470000
5	57220000	57230000	5	58460000	58470000
5	59810000	59820000	5	60940000	60950000
5	60680000	60690000	5	60940000	60950000
5	60690000	60700000	5	62400000	62410000
5	60940000	60950000	5	62410000	62420000
5	61160000	61170000	5	61330000	61340000
5	64800000	64810000	5	65480000	65490000
5	64960000	64970000	5	65480000	65490000
5	73300000	73310000	5	73440000	73450000
1	44790000	44800000	1	45490000	45500000
5	33440000	33450000	5	34920000	34930000
5	34010000	34020000	5	34910000	34920000
5	34480000	34490000	5	35930000	35940000
5	34920000	34930000	5	36150000	36160000
5	34920000	34930000	5	36240000	36250000
5	35080000	35090000	5	35930000	35940000
1	84940000	84950000	1	85250000	85260000
5	36730000	36740000	5	36870000	36880000
5	73900000	73910000	5	74640000	74650000
5	74680000	74690000	5	74760000	74770000
5	112170000	112180000	5	112970000	112980000
5	112990000	113000000	5	113510000	113520000
5	126340000	126350000	5	126600000	126610000
1	86910000	86920000	1	88680000	88690000
5	128070000	128080000	5	129090000	129100000
5	131170000	131180000	5	131260000	131270000
5	131420000	131430000	5	132060000	132070000
5	137630000	137640000	5	138130000	138140000
5	137770000	137780000	5	138130000	138140000
5	140370000	140380000	5	140640000	140650000
5	141680000	141690000	5	141960000	141970000
1	87330000	87340000	1	88680000	88690000
5	143400000	143410000	5	143810000	143820000
1	45010000	45020000	1	45490000	45500000
1	88990000	89000000	1	89990000	90000000
5	102770000	102780000	5	103120000	103130000
5	109400000	109410000	5	109680000	109690000
5	168980000	168990000	5	169300000	169310000
5	171400000	171410000	5	172180000	172190000
5	171400000	171410000	5	172280000	172290000
1	89080000	89090000	1	89360000	89370000
5	146190000	146200000	5	146440000	146450000
1	89800000	89810000	1	89990000	90000000
5	148400000	148410000	5	149550000	149560000
5	148820000	148830000	5	149550000	149560000
5	150450000	150460000	5	150700000	150710000
5	150450000	150460000	5	150840000	150850000
5	150560000	150570000	5	150840000	150850000
1	91500000	91510000	1	92290000	92300000
5	154650000	154660000	5	154930000	154940000
5	157150000	157160000	5	157730000	157740000
5	157340000	157350000	5	157730000	157740000
6	220000	230000	6	1380000	1390000
6	1590000	1600000	6	2750000	2760000
6	2760000	2770000	6	3060000	3070000
6	5450000	5460000	6	6000000	6010000
6	7270000	7280000	6	8060000	8070000
6	11590000	11600000	6	12290000	12300000
1	94050000	94060000	1	94230000	94240000
6	12910000	12920000	6	13320000	13330000
6	15690000	15700000	6	16120000	16130000
6	16510000	16520000	6	16760000	16770000
6	39350000	39360000	6	40580000	40590000
6	39350000	39360000	6	41040000	41050000
6	39860000	39870000	6	41040000	41050000
6	39970000	39980000	6	41040000	41050000
1	95080000	95090000	1	95230000	95240000
6	41360000	41370000	6	41770000	41780000
6	41780000	41790000	6	42050000	42060000
6	41790000	41800000	6	42190000	42200000
6	42660000	42670000	6	42870000	42880000
6	44100000	44110000	6	44240000	44250000
6	52280000	52290000	6	53060000	53070000
6	52410000	52420000	6	53060000	53070000
6	52660000	52670000	6	53060000	53070000
6	26030000	26040000	6	27820000	27830000
6	26040000	26050000	6	27140000	27150000
6	26120000	26130000	6	27140000	27150000
6	26180000	26190000	6	27140000	27150000
6	27140000	27150000	6	27890000	27900000
6	33580000	33590000	6	34140000	34150000
6	35300000	35310000	6	35730000	35740000
6	35310000	35320000	6	35450000	35460000
6	35580000	35590000	6	35730000	35740000
6	36760000	36770000	6	37000000	37010000
6	36890000	36900000	6	36980000	36990000
6	37480000	37490000	6	37690000	37700000
6	73850000	73860000	6	75200000	75210000
6	73970000	73980000	6	75200000	75210000
6	74090000	74100000	6	75200000	75210000
6	74750000	74760000	6	75200000	75210000
6	79070000	79080000	6	79230000	79240000
6	82260000	82270000	6	83510000	83520000
6	83060000	83070000	6	83510000	83520000
6	83060000	83070000	6	84220000	84230000
6	83210000	83220000	6	84220000	84230000
6	83220000	83230000	6	83510000	83520000
6	83610000	83620000	6	84220000	84230000
6	83870000	83880000	6	84220000	84230000
6	88960000	88970000	6	90580000	90590000
6	89820000	89830000	6	90580000	90590000
6	110520000	110530000	6	110980000	110990000
6	110680000	110690000	6	110950000	110960000
6	116260000	116270000	6	116660000	116670000
6	116280000	116290000	6	116540000	116550000
6	119140000	119150000	6	119340000	119350000
6	122390000	122400000	6	122470000	122480000
6	125770000	125780000	6	127110000	127120000
1	107780000	107790000	1	107960000	107970000
6	130880000	130890000	6	131620000	131630000
6	135000000	135010000	6	135180000	135190000
6	136640000	136650000	6	136790000	136800000
6	137710000	137720000	6	137860000	137870000
6	93040000	93050000	6	93410000	93420000
1	150250000	150260000	1	150980000	150990000
6	99600000	99610000	6	100460000	100470000
1	152650000	152660000	1	153210000	153220000
6	106690000	106700000	6	106970000	106980000
1	152870000	152880000	1	153210000	153220000
6	108540000	108550000	6	108840000	108850000
6	108550000	108560000	6	109380000	109390000
6	109180000	109190000	6	109380000	109390000
6	149830000	149840000	6	149920000	149930000
1	153520000	153530000	1	153980000	153990000
1	153800000	153810000	1	153960000	153970000
6	151390000	151400000	6	152980000	152990000
1	154560000	154570000	1	155050000	155060000
6	155320000	155330000	6	156770000	156780000
6	156680000	156690000	6	156770000	156780000
1	156380000	156390000	1	156610000	156620000
1	156470000	156480000	1	156590000	156600000
7	1570000	1580000	7	2350000	2360000
7	2460000	2470000	7	2680000	2690000
7	2870000	2880000	7	3300000	3310000
1	157960000	157970000	1	159200000	159210000
7	40230000	40240000	7	41700000	41710000
7	40320000	40330000	7	41700000	41710000
7	40500000	40510000	7	41700000	41710000
7	42930000	42940000	7	43580000	43590000
7	42930000	42940000	7	43720000	43730000
1	157970000	157980000	1	159070000	159080000
7	50210000	50220000	7	50300000	50310000
7	54760000	54770000	7	55960000	55970000
7	21260000	21270000	7	21420000	21430000
7	23270000	23280000	7	23530000	23540000
7	25870000	25880000	7	27160000	27170000
1	160830000	160840000	1	160950000	160960000
7	26080000	26090000	7	27160000	27170000
7	26190000	26200000	7	27160000	27170000
7	26370000	26380000	7	27160000	27170000
7	26670000	26680000	7	27160000	27170000
1	161200000	161210000	1	161740000	161750000
1	161400000	161410000	1	161740000	161750000
7	54760000	54770000	7	56060000	56070000
7	69410000	69420000	7	69590000	69600000
7	75030000	75040000	7	75810000	75820000
7	87220000	87230000	7	87870000	87880000
7	112200000	112210000	7	112450000	112460000
1	182080000	182090000	1	182780000	182790000
1	182140000	182150000	1	182390000	182400000
7	116860000	116870000	7	118180000	118190000
7	116960000	116970000	7	118180000	118190000
1	182450000	182460000	1	182580000	182590000
1	182600000	182610000	1	182780000	182790000
7	128340000	128350000	7	130050000	130060000
7	131090000	131100000	7	131320000	131330000
7	132320000	132330000	7	132570000	132580000
7	132390000	132400000	7	132570000	132580000
7	137900000	137910000	7	138000000	138010000
7	92620000	92630000	7	92830000	92840000
7	92690000	92700000	7	92830000	92840000
7	94510000	94520000	7	94650000	94660000
7	96070000	96080000	7	97020000	97030000
7	96220000	96230000	7	97020000	97030000
7	100100000	100110000	7	100870000	100880000
7	100120000	100130000	7	100420000	100430000
7	100470000	100480000	7	100690000	100700000
7	100460000	100470000	7	100860000	100870000
7	100700000	100710000	7	100850000	100860000
7	106280000	106290000	7	107160000	107170000
1	184800000	184810000	1	184970000	184980000
7	155800000	155810000	7	156940000	156950000
7	155800000	155810000	7	157010000	157020000
8	4230000	4240000	8	4990000	5000000
8	6420000	6430000	8	6560000	6570000
8	11400000	11410000	8	11970000	11980000
8	17240000	17250000	8	17920000	17930000
8	36860000	36870000	8	38150000	38160000
1	192800000	192810000	1	193120000	193130000
8	41990000	42000000	8	42150000	42160000
8	48310000	48320000	8	48920000	48930000
8	52010000	52020000	8	52400000	52410000
8	52110000	52120000	8	52400000	52410000
8	54150000	54160000	8	55770000	55780000
8	54170000	54180000	8	54450000	54460000
8	54760000	54770000	8	55770000	55780000
8	21910000	21920000	8	22140000	22150000
8	28390000	28400000	8	30080000	30090000
8	30060000	30070000	8	30150000	30160000
8	30660000	30670000	8	30810000	30820000
8	31250000	31260000	8	32540000	32550000
8	37540000	37550000	8	37690000	37700000
8	56060000	56070000	8	56210000	56220000
8	60650000	60660000	8	61710000	61720000
8	65830000	65840000	8	66020000	66030000
8	65830000	65840000	8	66420000	66430000
8	66050000	66060000	8	66420000	66430000
8	66060000	66070000	8	66170000	66180000
8	66440000	66450000	8	67060000	67070000
8	66670000	66680000	8	67060000	67070000
8	69660000	69670000	8	70660000	70670000
8	69940000	69950000	8	70660000	70670000
8	70140000	70150000	8	70660000	70670000
8	70150000	70160000	8	70400000	70410000
1	202180000	202190000	1	202710000	202720000
8	73010000	73020000	8	73290000	73300000
8	73290000	73300000	8	73740000	73750000
1	202330000	202340000	1	202710000	202720000
8	112800000	112810000	8	113430000	113440000
8	116770000	116780000	8	116870000	116880000
8	117330000	117340000	8	119060000	119070000
8	117520000	117530000	8	118110000	118120000
8	117860000	117870000	8	118110000	118120000
8	123050000	123060000	8	124450000	124460000
8	123260000	123270000	8	124450000	124460000
8	123400000	123410000	8	124450000	124460000
8	124540000	124550000	8	125430000	125440000
8	125100000	125110000	8	126550000	126560000
8	132870000	132880000	8	133190000	133200000
8	134700000	134710000	8	135450000	135460000
8	138170000	138180000	8	138490000	138500000
8	140460000	140470000	8	140630000	140640000
8	140530000	140540000	8	140630000	140640000
8	142660000	142670000	8	143040000	143050000
8	142780000	142790000	8	143040000	143050000
8	143130000	143140000	8	143240000	143250000
8	143990000	144000000	8	144090000	144100000
8	93730000	93740000	8	94550000	94560000
8	94810000	94820000	8	96160000	96170000
8	94940000	94950000	8	95020000	95030000
8	95890000	95900000	8	96160000	96170000
8	96250000	96260000	8	98040000	98050000
8	96320000	96330000	8	98040000	98050000
8	97580000	97590000	8	98040000	98050000
8	100140000	100150000	8	101200000	101210000
8	100710000	100720000	8	101200000	101210000
8	103110000	103120000	8	103370000	103380000
1	205350000	205360000	1	205500000	205510000
8	108230000	108240000	8	109530000	109540000
8	108450000	108460000	8	109330000	109340000
8	109330000	109340000	8	109540000	109550000
8	80030000	80040000	8	81840000	81850000
8	89720000	89730000	8	89980000	89990000
8	89720000	89730000	8	91070000	91080000
8	89840000	89850000	8	89980000	89990000
8	89990000	90000000	8	90640000	90650000
8	89990000	90000000	8	91070000	91080000
8	90980000	90990000	8	91070000	91080000
9	68570000	68580000	9	69010000	69020000
1	208020000	208030000	1	208240000	208250000
9	2020000	2030000	9	2840000	2850000
9	2850000	2860000	9	4660000	4670000
1	209570000	209580000	1	209750000	209760000
9	4750000	4760000	9	5430000	5440000
9	4760000	4770000	9	4980000	4990000
1	209850000	209860000	1	211130000	211140000
1	210410000	210420000	1	211130000	211140000
9	85940000	85950000	9	86280000	86290000
9	89580000	89590000	9	90640000	90650000
9	91770000	91780000	9	91950000	91960000
1	210580000	210590000	1	211130000	211140000
9	113300000	113310000	9	113400000	113410000
9	114410000	114420000	9	114650000	114660000
9	121540000	121550000	9	122800000	122810000
9	122460000	122470000	9	122800000	122810000
9	123080000	123090000	9	123350000	123360000
9	124770000	124780000	9	124850000	124860000
9	127590000	127600000	9	127910000	127920000
9	96320000	96330000	9	96650000	96660000
9	97700000	97710000	9	98790000	98800000
9	101390000	101400000	9	101530000	101540000
9	105840000	105850000	9	106860000	106870000
9	129130000	129140000	9	129620000	129630000
9	131590000	131600000	9	131740000	131750000
9	132410000	132420000	9	132970000	132980000
9	133780000	133790000	9	133990000	134000000
9	136780000	136790000	9	137040000	137050000
9	136780000	136790000	9	137220000	137230000
10	43410000	43420000	10	44970000	44980000
10	43680000	43690000	10	44380000	44390000
10	50990000	51000000	10	52310000	52320000
10	50990000	51000000	10	52770000	52780000
10	52300000	52310000	10	52770000	52780000
10	52640000	52650000	10	52770000	52780000
1	54060000	54070000	1	54800000	54810000
10	67860000	67870000	10	68900000	68910000
10	69230000	69240000	10	69630000	69640000
10	69410000	69420000	10	69630000	69640000
10	69510000	69520000	10	69630000	69640000
10	70550000	70560000	10	70880000	70890000
10	72360000	72370000	10	73160000	73170000
10	4830000	4840000	10	5410000	5420000
10	4850000	4860000	10	5090000	5100000
10	6420000	6430000	10	7410000	7420000
10	6910000	6920000	10	7410000	7420000
10	7120000	7130000	10	7410000	7420000
10	13350000	13360000	10	14950000	14960000
10	16810000	16820000	10	18650000	18660000
10	17210000	17220000	10	18650000	18660000
10	21510000	21520000	10	22710000	22720000
10	22000000	22010000	10	22320000	22330000
10	22230000	22240000	10	22320000	22330000
10	23440000	23450000	10	25010000	25020000
10	27240000	27250000	10	28530000	28540000
10	74250000	74260000	10	75090000	75100000
10	74240000	74250000	10	75230000	75240000
1	168440000	168450000	1	168570000	168580000
10	128270000	128280000	10	129960000	129970000
10	129030000	129040000	10	129960000	129970000
10	129030000	129040000	10	130130000	130140000
10	129970000	129980000	10	130110000	130120000
10	133320000	133330000	10	133520000	133530000
10	119180000	119190000	10	119870000	119880000
10	122300000	122310000	10	122560000	122570000
10	124530000	124540000	10	124740000	124750000
10	125150000	125160000	10	125710000	125720000
10	125720000	125730000	10	125820000	125830000
10	93370000	93380000	10	93480000	93490000
10	96630000	96640000	10	96830000	96840000
10	97780000	97790000	10	98030000	98040000
10	101210000	101220000	10	101770000	101780000
10	102910000	102920000	10	103240000	103250000
10	103890000	103900000	10	104120000	104130000
11	45360000	45370000	11	45660000	45670000
11	57330000	57340000	11	59140000	59150000
11	57340000	57350000	11	57640000	57650000
11	57560000	57570000	11	57640000	57650000
11	57660000	57670000	11	59140000	59150000
11	58570000	58580000	11	59140000	59150000
11	58650000	58660000	11	59140000	59150000
11	59180000	59190000	11	59420000	59430000
11	59270000	59280000	11	59420000	59430000
1	172750000	172760000	1	173200000	173210000
11	66410000	66420000	11	66670000	66680000
11	66570000	66580000	11	66670000	66680000
1	173420000	173430000	1	173820000	173830000
11	69290000	69300000	11	69640000	69650000
11	2030000	2040000	11	2140000	2150000
11	4630000	4640000	11	5800000	5810000
11	4630000	4640000	11	5890000	5900000
11	5120000	5130000	11	5800000	5810000
11	5470000	5480000	11	5800000	5810000
11	8200000	8210000	11	8960000	8970000
1	175020000	175030000	1	176200000	176210000
11	14520000	14530000	11	14890000	14900000
11	18310000	18320000	11	18630000	18640000
11	18530000	18540000	11	18720000	18730000
11	22620000	22630000	11	22820000	22830000
1	175180000	175190000	1	176200000	176210000
11	32320000	32330000	11	32790000	32800000
11	34170000	34180000	11	34350000	34360000
11	74930000	74940000	11	75240000	75250000
11	75020000	75030000	11	75240000	75250000
11	78140000	78150000	11	78570000	78580000
1	175480000	175490000	1	175740000	175750000
11	93680000	93690000	11	93780000	93790000
11	93770000	93780000	11	94490000	94500000
11	94170000	94180000	11	94490000	94500000
11	94970000	94980000	11	95780000	95790000
11	95070000	95080000	11	95780000	95790000
11	106080000	106090000	11	107560000	107570000
11	108690000	108700000	11	110420000	110430000
11	116910000	116920000	11	117090000	117100000
11	118190000	118200000	11	118350000	118360000
11	118680000	118690000	11	118950000	118960000
11	124630000	124640000	11	125880000	125890000
11	124660000	124670000	11	124760000	124770000
11	124870000	124880000	11	125880000	125890000
11	125570000	125580000	11	125880000	125890000
1	179090000	179100000	1	179360000	179370000
12	39590000	39600000	12	40100000	40110000
12	45730000	45740000	12	45990000	46000000
12	50820000	50830000	12	51340000	51350000
12	51040000	51050000	12	51340000	51350000
12	51260000	51270000	12	51340000	51350000
12	51420000	51430000	12	51810000	51820000
12	52150000	52160000	12	52320000	52330000
12	55730000	55740000	12	55930000	55940000
12	55810000	55820000	12	55930000	55940000
12	56300000	56310000	12	56460000	56470000
12	56760000	56770000	12	56990000	57000000
12	57260000	57270000	12	57450000	57460000
1	180510000	180520000	1	181030000	181040000
12	63820000	63830000	12	64390000	64400000
12	68340000	68350000	12	68680000	68690000
12	68350000	68360000	12	68610000	68620000
12	68840000	68850000	12	69580000	69590000
12	70240000	70250000	12	71670000	71680000
12	570000	580000	12	1590000	1600000
1	55280000	55290000	1	56810000	56820000
12	4100000	4110000	12	4270000	4280000
12	6930000	6940000	12	7100000	7110000
12	12360000	12370000	12	12710000	12720000
12	14250000	14260000	12	14360000	14370000
12	14790000	14800000	12	15880000	15890000
12	14960000	14970000	12	15880000	15890000
12	21500000	21510000	12	22620000	22630000
12	26110000	26120000	12	27010000	27020000
12	26840000	26850000	12	27010000	27020000
12	31660000	31670000	12	32670000	32680000
12	75330000	75340000	12	76030000	76040000
12	75520000	75530000	12	76030000	76040000
12	84870000	84880000	12	85030000	85040000
12	88120000	88130000	12	89520000	89530000
1	241520000	241530000	1	241840000	241850000
12	88140000	88150000	12	89350000	89360000
12	89020000	89030000	12	89520000	89530000
12	89040000	89050000	12	89350000	89360000
1	241520000	241530000	1	243250000	243260000
12	111830000	111840000	12	112400000	112410000
12	117870000	117880000	12	118370000	118380000
12	118120000	118130000	12	118370000	118380000
12	121700000	121710000	12	121880000	121890000
1	241620000	241630000	1	241840000	241850000
12	122630000	122640000	12	122750000	122760000
12	122860000	122870000	12	123230000	123240000
12	122970000	122980000	12	123230000	123240000
12	123260000	123270000	12	123600000	123610000
12	96050000	96060000	12	96400000	96410000
1	243240000	243250000	1	244450000	244460000
12	101930000	101940000	12	102480000	102490000
12	105420000	105430000	12	106130000	106140000
12	107680000	107690000	12	109090000	109100000
12	108550000	108560000	12	109090000	109100000
12	108650000	108660000	12	109090000	109100000
12	130040000	130050000	12	130330000	130340000
12	132150000	132160000	12	132610000	132620000
13	39040000	39050000	13	40770000	40780000
13	39410000	39420000	13	39600000	39610000
13	39680000	39690000	13	40770000	40780000
1	244850000	244860000	1	244960000	244970000
13	42970000	42980000	13	43870000	43880000
13	48120000	48130000	13	48230000	48240000
13	50810000	50820000	13	50900000	50910000
13	51440000	51450000	13	51800000	51810000
13	51430000	51440000	13	52120000	52130000
13	51450000	51460000	13	51580000	51590000
13	20190000	20200000	13	20700000	20710000
13	23380000	23390000	13	23890000	23900000
13	23460000	23470000	13	23880000	23890000
13	25080000	25090000	13	25370000	25380000
13	28310000	28320000	13	28650000	28660000
1	219990000	220000000	1	220780000	220790000
1	220190000	220200000	1	220780000	220790000
13	95670000	95680000	13	97430000	97440000
13	101940000	101950000	13	102840000	102850000
13	108210000	108220000	13	109780000	109790000
13	109140000	109150000	13	109780000	109790000
13	110700000	110710000	13	110910000	110920000
1	56830000	56840000	1	58540000	58550000
14	39100000	39110000	14	39430000	39440000
14	39980000	39990000	14	41600000	41610000
14	44960000	44970000	14	45250000	45260000
14	45130000	45140000	14	45250000	45260000
14	49850000	49860000	14	50530000	50540000
1	223700000	223710000	1	224330000	224340000
14	52300000	52310000	14	52700000	52710000
14	52300000	52310000	14	52950000	52960000
14	52820000	52830000	14	52950000	52960000
1	223820000	223830000	1	224330000	224340000
1	224110000	224120000	1	224330000	224340000
14	58420000	58430000	14	59480000	59490000
14	59120000	59130000	14	59570000	59580000
14	63640000	63650000	14	64500000	64510000
14	63790000	63800000	14	64290000	64300000
14	64010000	64020000	14	64290000	64300000
1	225480000	225490000	1	225770000	225780000
14	65160000	65170000	14	65410000	65420000
14	66350000	66360000	14	67700000	67710000
14	66360000	66370000	14	67410000	67420000
14	66490000	66500000	14	67700000	67710000
14	67420000	67430000	14	67670000	67680000
14	69240000	69250000	14	69570000	69580000
14	20320000	20330000	14	20680000	20690000
14	20330000	20340000	14	21090000	21100000
14	21010000	21020000	14	21100000	21110000
14	21240000	21250000	14	21380000	21390000
14	22570000	22580000	14	22980000	22990000
14	92120000	92130000	14	92790000	92800000
14	93110000	93120000	14	94170000	94180000
14	100270000	100280000	14	100370000	100380000
14	101960000	101970000	14	102310000	102320000
14	102060000	102070000	14	102310000	102320000
14	102430000	102440000	14	103080000	103090000
14	75710000	75720000	14	75980000	75990000
14	80940000	80950000	14	81530000	81540000
14	81210000	81220000	14	81530000	81540000
14	89030000	89040000	14	89410000	89420000
14	89170000	89180000	14	89410000	89420000
15	25510000	25520000	15	26860000	26870000
15	34060000	34070000	15	34220000	34230000
15	34340000	34350000	15	34960000	34970000
15	38820000	38830000	15	39580000	39590000
15	42710000	42720000	15	42920000	42930000
15	44580000	44590000	15	45110000	45120000
15	48850000	48860000	15	49420000	49430000
15	50340000	50350000	15	50900000	50910000
15	61870000	61880000	15	62060000	62070000
15	63470000	63480000	15	63590000	63600000
15	65600000	65610000	15	66290000	66300000
15	65600000	65610000	15	66500000	66510000
15	66370000	66380000	15	66490000	66500000
15	72360000	72370000	15	72470000	72480000
15	75030000	75040000	15	75200000	75210000
15	77960000	77970000	15	78230000	78240000
15	80450000	80460000	15	80770000	80780000
15	80560000	80570000	15	80770000	80780000
15	88630000	88640000	15	89330000	89340000
15	90640000	90650000	15	90880000	90890000
15	92810000	92820000	15	92900000	92910000
15	100610000	100620000	15	101270000	101280000
1	58770000	58780000	1	59290000	59300000
15	101090000	101100000	15	101250000	101260000
15	101090000	101100000	15	101650000	101660000
16	46680000	46690000	16	48610000	48620000
16	47030000	47040000	16	48150000	48160000
16	47130000	47140000	16	48150000	48160000
16	50350000	50360000	16	50740000	50750000
16	53540000	53550000	16	54930000	54940000
16	54280000	54290000	16	54930000	54940000
16	120000	130000	16	350000	360000
16	220000	230000	16	350000	360000
16	1990000	2000000	16	2510000	2520000
16	8560000	8570000	16	8880000	8890000
16	8660000	8670000	16	8790000	8800000
16	10960000	10970000	16	11520000	11530000
16	10970000	10980000	16	11260000	11270000
16	57580000	57590000	16	58000000	58010000
16	57750000	57760000	16	58000000	58010000
16	66960000	66970000	16	67170000	67180000
16	69390000	69400000	16	69750000	69760000
2	43130000	43140000	2	43220000	43230000
16	21990000	22000000	16	22290000	22300000
16	22190000	22200000	16	22290000	22300000
16	25270000	25280000	16	25690000	25700000
16	29680000	29690000	16	30020000	30030000
16	30970000	30980000	16	31440000	31450000
16	75560000	75570000	16	77190000	77200000
16	75630000	75640000	16	77190000	77200000
16	77210000	77220000	16	78090000	78100000
16	78110000	78120000	16	79600000	79610000
16	78700000	78710000	16	79600000	79610000
16	85820000	85830000	16	86510000	86520000
16	86060000	86070000	16	86510000	86520000
16	86560000	86570000	16	87390000	87400000
16	86560000	86570000	16	87760000	87770000
16	87580000	87590000	16	87760000	87770000
17	38980000	38990000	17	39160000	39170000
17	40010000	40020000	17	40280000	40290000
17	40020000	40030000	17	40170000	40180000
17	44200000	44210000	17	44340000	44350000
17	48020000	48030000	17	48610000	48620000
17	48330000	48340000	17	48590000	48600000
17	49560000	49570000	17	49990000	50000000
17	49860000	49870000	17	49990000	50000000
17	51000000	51010000	17	51150000	51160000
17	55530000	55540000	17	55720000	55730000
17	1670000	1680000	17	2030000	2040000
17	1900000	1910000	17	2020000	2030000
17	5250000	5260000	17	6430000	6440000
17	6650000	6660000	17	7010000	7020000
17	8080000	8090000	17	8750000	8760000
17	8400000	8410000	17	8750000	8760000
17	12010000	12020000	17	13010000	13020000
17	17370000	17380000	17	17490000	17500000
17	57120000	57130000	17	58000000	58010000
17	57240000	57250000	17	57740000	57750000
17	60720000	60730000	17	61390000	61400000
17	62700000	62710000	17	62960000	62970000
17	67370000	67380000	17	68450000	68460000
17	68050000	68060000	17	68450000	68460000
17	72980000	72990000	17	73160000	73170000
17	29630000	29640000	17	29930000	29940000
17	34190000	34200000	17	34360000	34370000
17	34200000	34210000	17	35110000	35120000
17	34410000	34420000	17	35120000	35130000
17	35310000	35320000	17	35530000	35540000
17	36610000	36620000	17	37370000	37380000
17	74200000	74210000	17	74530000	74540000
17	74370000	74380000	17	74460000	74470000
17	75780000	75790000	17	76730000	76740000
17	81260000	81270000	17	81520000	81530000
18	2930000	2940000	18	3240000	3250000
18	2990000	3000000	18	3240000	3250000
18	3280000	3290000	18	3450000	3460000
18	9120000	9130000	18	10520000	10530000
18	9960000	9970000	18	10520000	10530000
18	58530000	58540000	18	58670000	58680000
18	61570000	61580000	18	61890000	61900000
18	61630000	61640000	18	61890000	61900000
18	63130000	63140000	18	63310000	63320000
18	68710000	68720000	18	70200000	70210000
18	24390000	24400000	18	25350000	25360000
18	42050000	42060000	18	43270000	43280000
18	42110000	42120000	18	43270000	43280000
18	42300000	42310000	18	43270000	43280000
18	42590000	42600000	18	43270000	43280000
18	45670000	45680000	18	46070000	46080000
18	46150000	46160000	18	46650000	46660000
18	46150000	46160000	18	46910000	46920000
18	49480000	49490000	18	50280000	50290000
18	74600000	74610000	18	76490000	76500000
19	37900000	37910000	19	38330000	38340000
19	38240000	38250000	19	38330000	38340000
2	23820000	23830000	2	24070000	24080000
19	39110000	39120000	19	39530000	39540000
19	39120000	39130000	19	39320000	39330000
19	42110000	42120000	19	42300000	42310000
19	42110000	42120000	19	42420000	42430000
19	50350000	50360000	19	50780000	50790000
19	54480000	54490000	19	54660000	54670000
19	55510000	55520000	19	55620000	55630000
19	9930000	9940000	19	10250000	10260000
19	9930000	9940000	19	10380000	10390000
19	10260000	10270000	19	10380000	10390000
19	13880000	13890000	19	14060000	14070000
19	15610000	15620000	19	16180000	16190000
19	17430000	17440000	19	17850000	17860000
19	19520000	19530000	19	19640000	19650000
20	350000	360000	20	650000	660000
20	2510000	2520000	20	2650000	2660000
20	4110000	4120000	20	4720000	4730000
20	4610000	4620000	20	4720000	4730000
20	5550000	5560000	20	6000000	6010000
2	26960000	26970000	2	27280000	27290000
20	12930000	12940000	20	13780000	13790000
2	27090000	27100000	2	27280000	27290000
20	17500000	17510000	20	18280000	18290000
20	38640000	38650000	20	38740000	38750000
20	41360000	41370000	20	43180000	43190000
20	41730000	41740000	20	43180000	43190000
20	44210000	44220000	20	44310000	44320000
20	45030000	45040000	20	45300000	45310000
20	46520000	46530000	20	46680000	46690000
20	20360000	20370000	20	21510000	21520000
20	22330000	22340000	20	23040000	23050000
20	24990000	25000000	20	25390000	25400000
20	25290000	25300000	20	25400000	25410000
20	31560000	31570000	20	31730000	31740000
20	33440000	33450000	20	34110000	34120000
20	34180000	34190000	20	34510000	34520000
20	34540000	34550000	20	34700000	34710000
20	56390000	56400000	20	57350000	57360000
20	57380000	57390000	20	57490000	57500000
20	58880000	58890000	20	59040000	59050000
20	62010000	62020000	20	62380000	62390000
20	62190000	62200000	20	62380000	62390000
20	62390000	62400000	20	62800000	62810000
20	62500000	62510000	20	62790000	62800000
20	62660000	62670000	20	62790000	62800000
20	63530000	63540000	20	63970000	63980000
21	25880000	25890000	21	26170000	26180000
2	32630000	32640000	2	33590000	33600000
21	36140000	36150000	21	36320000	36330000
22	23900000	23910000	22	24550000	24560000
22	29620000	29630000	22	30080000	30090000
22	30100000	30110000	22	30260000	30270000
22	30280000	30290000	22	30380000	30390000
22	31750000	31760000	22	31940000	31950000
22	36540000	36550000	22	36770000	36780000
22	39150000	39160000	22	39310000	39320000
22	39530000	39540000	22	40340000	40350000
22	40920000	40930000	22	41240000	41250000
22	41680000	41690000	22	41940000	41950000
22	45260000	45270000	22	45970000	45980000
22	45440000	45450000	22	45970000	45980000
22	45570000	45580000	22	45970000	45980000
22	45640000	45650000	22	45970000	45980000
22	48570000	48580000	22	49910000	49920000
22	49770000	49780000	22	49910000	49920000
X	47210000	47220000	X	47370000	47380000
X	48080000	48090000	X	48470000	48480000
X	53310000	53320000	X	53430000	53440000
X	23690000	23700000	X	24050000	24060000
X	23760000	23770000	X	23900000	23910000
X	30570000	30580000	X	30880000	30890000
X	30640000	30650000	X	30880000	30890000
X	55000000	55010000	X	56720000	56730000
X	55140000	55150000	X	56720000	56730000
X	55720000	55730000	X	56720000	56730000
X	56260000	56270000	X	56720000	56730000
X	57580000	57590000	X	57910000	57920000
X	63750000	63760000	X	65530000	65540000
X	6020000	6030000	X	6220000	6230000
X	6020000	6030000	X	7920000	7930000
X	7130000	7140000	X	7920000	7930000
X	7990000	8000000	X	8730000	8740000
2	1860000	1870000	2	3650000	3660000
X	11530000	11540000	X	12900000	12910000
X	12950000	12960000	X	14020000	14030000
X	12950000	12960000	X	13650000	13660000
X	13510000	13520000	X	14020000	14030000
X	13660000	13670000	X	14020000	14030000
X	13750000	13760000	X	14020000	14030000
X	13890000	13900000	X	14020000	14030000
X	14870000	14880000	X	16710000	16720000
X	14870000	14880000	X	16780000	16790000
X	15330000	15340000	X	16780000	16790000
X	15330000	15340000	X	16870000	16880000
X	18240000	18250000	X	18350000	18360000
X	18420000	18430000	X	18670000	18680000
X	19740000	19750000	X	19880000	19890000
X	100510000	100520000	X	101290000	101300000
X	107650000	107660000	X	107770000	107780000
X	110320000	110330000	X	111680000	111690000
X	110450000	110460000	X	111090000	111100000
X	119500000	119510000	X	119750000	119760000
X	119780000	119790000	X	119870000	119880000
X	129610000	129620000	X	129900000	129910000
X	129920000	129930000	X	130900000	130910000
2	9140000	9150000	2	10040000	10050000
X	138770000	138780000	X	139960000	139970000
2	9810000	9820000	2	10040000	10050000
X	140810000	140820000	X	141170000	141180000
X	147920000	147930000	X	149500000	149510000
X	149500000	149510000	X	150980000	150990000
X	150770000	150780000	X	152630000	152640000
X	151150000	151160000	X	152630000	152640000
X	151500000	151510000	X	152630000	152640000
X	151750000	151760000	X	152630000	152640000
X	152950000	152960000	X	153510000	153520000
1	62430000	62440000	1	62780000	62790000
1	62430000	62440000	1	63520000	63530000
2	11830000	11840000	2	12710000	12720000
2	68470000	68480000	2	69820000	69830000
2	69720000	69730000	2	69820000	69830000
2	69900000	69910000	2	70290000	70300000
2	71290000	71300000	2	72140000	72150000
2	71540000	71550000	2	72140000	72150000
2	105330000	105340000	2	106190000	106200000
2	130800000	130810000	2	131100000	131110000
2	189760000	189770000	2	191670000	191680000
2	189770000	189780000	2	191010000	191020000
2	195490000	195500000	2	195650000	195660000
2	196070000	196080000	2	197780000	197790000
2	198310000	198320000	2	199850000	199860000
1	38830000	38840000	1	37590000	37600000
2	151410000	151420000	2	151280000	151290000
2	152710000	152720000	2	151280000	151290000
2	152710000	152720000	2	151820000	151830000
2	152720000	152730000	2	152170000	152180000
2	156410000	156420000	2	156330000	156340000
2	157480000	157490000	2	157320000	157330000
2	200700000	200710000	2	200580000	200590000
2	206770000	206780000	2	206150000	206160000
2	210170000	210180000	2	208250000	208260000
2	209550000	209560000	2	209420000	209430000
2	210190000	210200000	2	209420000	209430000
1	71060000	71070000	1	70220000	70230000
2	217160000	217170000	2	216690000	216700000
2	217510000	217520000	2	216690000	216700000
2	171410000	171420000	2	171160000	171170000
1	2380000	2390000	1	2190000	2200000
2	176080000	176090000	2	174330000	174340000
2	176640000	176650000	2	176120000	176130000
2	177320000	177330000	2	176120000	176130000
2	177410000	177420000	2	176120000	176130000
2	177750000	177760000	2	176120000	176130000
2	178410000	178420000	2	178110000	178120000
2	179750000	179760000	2	178110000	178120000
1	3720000	3730000	1	3450000	3460000
2	218840000	218850000	2	218160000	218170000
2	218650000	218660000	2	218270000	218280000
2	218380000	218390000	2	218290000	218300000
2	219290000	219300000	2	219160000	219170000
2	219360000	219370000	2	219160000	219170000
2	230150000	230160000	2	230060000	230070000
1	6340000	6350000	1	6240000	6250000
2	237030000	237040000	2	236500000	236510000
1	6410000	6420000	1	6240000	6250000
3	38480000	38490000	3	37990000	38000000
3	39280000	39290000	3	39190000	39200000
3	40450000	40460000	3	39400000	39410000
1	6630000	6640000	1	6550000	6560000
3	42880000	42890000	3	42770000	42780000
3	46070000	46080000	3	45940000	45950000
3	46370000	46380000	3	45940000	45950000
3	46890000	46900000	3	46700000	46710000
3	47350000	47360000	3	46700000	46710000
3	50540000	50550000	3	50350000	50360000
3	51670000	51680000	3	51390000	51400000
3	51670000	51680000	3	51500000	51510000
3	51790000	51800000	3	51500000	51510000
3	58160000	58170000	3	58000000	58010000
3	71860000	71870000	3	71720000	71730000
3	73070000	73080000	3	72840000	72850000
3	20180000	20190000	3	19940000	19950000
3	20040000	20050000	3	19940000	19950000
3	20180000	20190000	3	20040000	20050000
1	42750000	42760000	1	42330000	42340000
3	25780000	25790000	3	23940000	23950000
3	27480000	27490000	3	25780000	25790000
3	32680000	32690000	3	32500000	32510000
3	33370000	33380000	3	32950000	32960000
3	33780000	33790000	3	32950000	32960000
3	37770000	37780000	3	37450000	37460000
3	4300000	4310000	3	3120000	3130000
1	11640000	11650000	1	11040000	11050000
1	11890000	11900000	1	11040000	11050000
3	15810000	15820000	3	15200000	15210000
3	17230000	17240000	3	16600000	16610000
3	17840000	17850000	3	16600000	16610000
3	18750000	18760000	3	18420000	18430000
3	88000000	88010000	3	87270000	87280000
3	113560000	113570000	3	112290000	112300000
3	113520000	113530000	3	112560000	112570000
3	115150000	115160000	3	113740000	113750000
3	122380000	122390000	3	121540000	121550000
3	122680000	122690000	3	122560000	122570000
3	127540000	127550000	3	126520000	126530000
3	126660000	126670000	3	126520000	126530000
3	127450000	127460000	3	126520000	126530000
3	127540000	127550000	3	126980000	126990000
1	16900000	16910000	1	15520000	15530000
3	132410000	132420000	3	130740000	130750000
3	132410000	132420000	3	131020000	131030000
3	133580000	133590000	3	132720000	132730000
3	134480000	134490000	3	132720000	132730000
3	133810000	133820000	3	132720000	132730000
3	133930000	133940000	3	132720000	132730000
3	135890000	135900000	3	134790000	134800000
3	136040000	136050000	3	134790000	134800000
3	137010000	137020000	3	136750000	136760000
3	138920000	138930000	3	138180000	138190000
3	138920000	138930000	3	138590000	138600000
3	141910000	141920000	3	141730000	141740000
3	94070000	94080000	3	93980000	93990000
1	19090000	19100000	1	18900000	18910000
3	167740000	167750000	3	167380000	167390000
3	167880000	167890000	3	167380000	167390000
3	170820000	170830000	3	169860000	169870000
3	177350000	177360000	3	177190000	177200000
3	155860000	155870000	3	154320000	154330000
3	155160000	155170000	3	155080000	155090000
3	156670000	156680000	3	156550000	156560000
3	157140000	157150000	3	156670000	156680000
3	158660000	158670000	3	157160000	157170000
3	182680000	182690000	3	181710000	181720000
1	23270000	23280000	1	22970000	22980000
3	184530000	184540000	3	184370000	184380000
3	186790000	186800000	3	185930000	185940000
1	23180000	23190000	1	23090000	23100000
3	187160000	187170000	3	186840000	186850000
1	23630000	23640000	1	23550000	23560000
3	195100000	195110000	3	194670000	194680000
3	195260000	195270000	3	194670000	194680000
4	26990000	27000000	4	26860000	26870000
4	36320000	36330000	4	36240000	36250000
4	37380000	37390000	4	36240000	36250000
4	2440000	2450000	4	2240000	2250000
4	7070000	7080000	4	6710000	6720000
4	6980000	6990000	4	6900000	6910000
4	8400000	8410000	4	8260000	8270000
4	15000000	15010000	4	13480000	13490000
4	15660000	15670000	4	15000000	15010000
4	16220000	16230000	4	15000000	15010000
1	43930000	43940000	1	43530000	43540000
4	16260000	16270000	4	15960000	15970000
4	17800000	17810000	4	17610000	17620000
4	18020000	18030000	4	17810000	17820000
4	18590000	18600000	4	17810000	17820000
4	39970000	39980000	4	39690000	39700000
1	30700000	30710000	1	29230000	29240000
4	48280000	48290000	4	48130000	48140000
4	52020000	52030000	4	51840000	51850000
4	67910000	67920000	4	67540000	67550000
4	67630000	67640000	4	67550000	67560000
4	72300000	72310000	4	70590000	70600000
1	30920000	30930000	1	30720000	30730000
4	110510000	110520000	4	109820000	109830000
1	38840000	38850000	1	37690000	37700000
4	121800000	121810000	4	120060000	120070000
4	123650000	123660000	4	123390000	123400000
4	128820000	128830000	4	128280000	128290000
4	129090000	129100000	4	128280000	128290000
4	140870000	140880000	4	139010000	139020000
4	140360000	140370000	4	139660000	139670000
4	140240000	140250000	4	140150000	140160000
4	145610000	145620000	4	145090000	145100000
4	75480000	75490000	4	74930000	74940000
4	76060000	76070000	4	75900000	75910000
4	76500000	76510000	4	75990000	76000000
4	77040000	77050000	4	76430000	76440000
1	35550000	35560000	1	35190000	35200000
1	35710000	35720000	1	35570000	35580000
4	83020000	83030000	4	82890000	82900000
4	87010000	87020000	4	86930000	86940000
1	37680000	37690000	1	36450000	36460000
4	99060000	99070000	4	98140000	98150000
4	99400000	99410000	4	98140000	98150000
4	99940000	99950000	4	98140000	98150000
4	99940000	99950000	4	98920000	98930000
4	99800000	99810000	4	99560000	99570000
4	99880000	99890000	4	99560000	99570000
4	101800000	101810000	4	101340000	101350000
4	106310000	106320000	4	105470000	105480000
4	106310000	106320000	4	105700000	105710000
4	109560000	109570000	4	109430000	109440000
4	109680000	109690000	4	109430000	109440000
1	37860000	37870000	1	37690000	37700000
4	165100000	165110000	4	163160000	163170000
4	165100000	165110000	4	163490000	163500000
4	170030000	170040000	4	169610000	169620000
1	112700000	112710000	1	112390000	112400000
4	176320000	176330000	4	176190000	176200000
4	177310000	177320000	4	176310000	176320000
4	177440000	177450000	4	177300000	177310000
1	113070000	113080000	1	112710000	112720000
4	146920000	146930000	4	145610000	145620000
4	152360000	152370000	4	151760000	151770000
4	153570000	153580000	4	153340000	153350000
4	155370000	155380000	4	154550000	154560000
4	155780000	155790000	4	154550000	154560000
4	155940000	155950000	4	154550000	154560000
4	159190000	159200000	4	158720000	158730000
4	159440000	159450000	4	158720000	158730000
5	40870000	40880000	5	40750000	40760000
5	54220000	54230000	5	53100000	53110000
5	54850000	54860000	5	54510000	54520000
5	55150000	55160000	5	54510000	54520000
5	55690000	55700000	5	55170000	55180000
5	2840000	2850000	5	2750000	2760000
5	5410000	5420000	5	5140000	5150000
5	6570000	6580000	5	5140000	5150000
5	6740000	6750000	5	5140000	5150000
5	6720000	6730000	5	5420000	5430000
5	6720000	6730000	5	6370000	6380000
5	17180000	17190000	5	16930000	16940000
5	18110000	18120000	5	17210000	17220000
5	18300000	18310000	5	17210000	17220000
5	57210000	57220000	5	56900000	56910000
5	58460000	58470000	5	56900000	56910000
5	62410000	62420000	5	60940000	60950000
5	61330000	61340000	5	61160000	61170000
5	61650000	61660000	5	61160000	61170000
5	61640000	61650000	5	61330000	61340000
5	66150000	66160000	5	65920000	65930000
1	84420000	84430000	1	84140000	84150000
5	32590000	32600000	5	32440000	32450000
5	33960000	33970000	5	33440000	33450000
5	34460000	34470000	5	33440000	33450000
5	34920000	34930000	5	33440000	33450000
5	36150000	36160000	5	34920000	34930000
5	36240000	36250000	5	34920000	34930000
5	36400000	36410000	5	36060000	36070000
5	36690000	36700000	5	36060000	36070000
5	74760000	74770000	5	74680000	74690000
5	75680000	75690000	5	75050000	75060000
5	76250000	76260000	5	75050000	75060000
5	81840000	81850000	5	81750000	81760000
5	87400000	87410000	5	86610000	86620000
5	88680000	88690000	5	87410000	87420000
5	112960000	112970000	5	112860000	112870000
1	45300000	45310000	1	45010000	45020000
5	115830000	115840000	5	115620000	115630000
1	88680000	88690000	1	86910000	86920000
5	131410000	131420000	5	129900000	129910000
5	131100000	131110000	5	129900000	129910000
5	131380000	131390000	5	131160000	131170000
5	131260000	131270000	5	131170000	131180000
5	136070000	136080000	5	135950000	135960000
5	139960000	139970000	5	139790000	139800000
5	141550000	141560000	5	141420000	141430000
5	141960000	141970000	5	141680000	141690000
5	143810000	143820000	5	143400000	143410000
5	93900000	93910000	5	93580000	93590000
1	45490000	45500000	1	45010000	45020000
5	97170000	97180000	5	95820000	95830000
1	89990000	90000000	1	88990000	89000000
5	98900000	98910000	5	97180000	97190000
1	89450000	89460000	1	88990000	89000000
5	109680000	109690000	5	109400000	109410000
1	89600000	89610000	1	88990000	89000000
5	170420000	170430000	5	170100000	170110000
5	171340000	171350000	5	170100000	170110000
1	89770000	89780000	1	88990000	89000000
5	171900000	171910000	5	171410000	171420000
5	173970000	173980000	5	173610000	173620000
5	174310000	174320000	5	173610000	173620000
5	178600000	178610000	5	178230000	178240000
5	180080000	180090000	5	179800000	179810000
1	89750000	89760000	1	89630000	89640000
5	149550000	149560000	5	148820000	148830000
5	151650000	151660000	5	151440000	151450000
1	92290000	92300000	1	91500000	91510000
5	153960000	153970000	5	153490000	153500000
5	157730000	157740000	5	157340000	157350000
5	159130000	159140000	5	157340000	157350000
5	163400000	163410000	5	161540000	161550000
6	70680000	70690000	6	70300000	70310000
6	2100000	2110000	6	1600000	1610000
6	2190000	2200000	6	1600000	1610000
6	2350000	2360000	6	1600000	1610000
6	2910000	2920000	6	1600000	1610000
6	3050000	3060000	6	1600000	1610000
6	4010000	4020000	6	2750000	2760000
6	3060000	3070000	6	2760000	2770000
1	93850000	93860000	1	93440000	93450000
6	2920000	2930000	6	2840000	2850000
6	4010000	4020000	6	2990000	3000000
6	8000000	8010000	6	7720000	7730000
6	18500000	18510000	6	18120000	18130000
6	42050000	42060000	6	41780000	41790000
6	42550000	42560000	6	41780000	41790000
6	42030000	42040000	6	41920000	41930000
6	49410000	49420000	6	47780000	47790000
6	51950000	51960000	6	50810000	50820000
6	52020000	52030000	6	50810000	50820000
6	52250000	52260000	6	50810000	50820000
6	52390000	52400000	6	50810000	50820000
6	52390000	52400000	6	52280000	52290000
6	52660000	52670000	6	52280000	52290000
6	53060000	53070000	6	52280000	52290000
6	20520000	20530000	6	20400000	20410000
6	27880000	27890000	6	26030000	26040000
6	27820000	27830000	6	26030000	26040000
6	27140000	27150000	6	26040000	26050000
6	27140000	27150000	6	26120000	26130000
6	27140000	27150000	6	26180000	26190000
6	27890000	27900000	6	27140000	27150000
6	31080000	31090000	6	30740000	30750000
6	34140000	34150000	6	33580000	33590000
6	34410000	34420000	6	34240000	34250000
6	79230000	79240000	6	79070000	79080000
6	83200000	83210000	6	83060000	83070000
6	83510000	83520000	6	83060000	83070000
6	84220000	84230000	6	83060000	83070000
6	87690000	87700000	6	87590000	87600000
6	90580000	90590000	6	88960000	88970000
6	90580000	90590000	6	89820000	89830000
6	90380000	90390000	6	90290000	90300000
6	110970000	110980000	6	110180000	110190000
6	112040000	112050000	6	111250000	111260000
6	111640000	111650000	6	111250000	111260000
1	47710000	47720000	1	47430000	47440000
6	119730000	119740000	6	119340000	119350000
6	119970000	119980000	6	119340000	119350000
6	122470000	122480000	6	122390000	122400000
1	107750000	107760000	1	107050000	107060000
6	124850000	124860000	6	123800000	123810000
6	125110000	125120000	6	123800000	123810000
6	127120000	127130000	6	125300000	125310000
6	125970000	125980000	6	125300000	125310000
6	132140000	132150000	6	131950000	131960000
6	133520000	133530000	6	132530000	132540000
6	133910000	133920000	6	132530000	132540000
1	108110000	108120000	1	107960000	107970000
1	109630000	109640000	1	109540000	109550000
6	140440000	140450000	6	139370000	139380000
6	96900000	96910000	6	96520000	96530000
1	150980000	150990000	1	150250000	150260000
6	100460000	100470000	6	99600000	99610000
1	153210000	153220000	1	152870000	152880000
1	153490000	153500000	1	153350000	153360000
6	148940000	148950000	6	148740000	148750000
6	151380000	151390000	6	149560000	149570000
6	150810000	150820000	6	149940000	149950000
6	152980000	152990000	6	151390000	151400000
1	155050000	155060000	1	154560000	154570000
6	157600000	157610000	6	157320000	157330000
6	157660000	157670000	6	157320000	157330000
6	159650000	159660000	6	159160000	159170000
6	160450000	160460000	6	159690000	159700000
7	2350000	2360000	7	1570000	1580000
7	2340000	2350000	7	2230000	2240000
7	40040000	40050000	7	39950000	39960000
7	43580000	43590000	7	42930000	42940000
7	43720000	43730000	7	42930000	42940000
7	43840000	43850000	7	42930000	42940000
7	43700000	43710000	7	43580000	43590000
7	44910000	44920000	7	44580000	44590000
7	45120000	45130000	7	44580000	44590000
7	45120000	45130000	7	44970000	44980000
7	49850000	49860000	7	47940000	47950000
7	48100000	48110000	7	47970000	47980000
7	21250000	21260000	7	20780000	20790000
7	21500000	21510000	7	20780000	20790000
7	21990000	22000000	7	20780000	20790000
7	22090000	22100000	7	20780000	20790000
1	160270000	160280000	1	160090000	160100000
1	161380000	161390000	1	161200000	161210000
7	27920000	27930000	7	27200000	27210000
1	161740000	161750000	1	161200000	161210000
7	85460000	85470000	7	85180000	85190000
7	111720000	111730000	7	111090000	111100000
7	112450000	112460000	7	112200000	112210000
7	118180000	118190000	7	116860000	116870000
7	121080000	121090000	7	120980000	120990000
7	121990000	122000000	7	120980000	120990000
1	182580000	182590000	1	182450000	182460000
1	182780000	182790000	1	182600000	182610000
7	128200000	128210000	7	128030000	128040000
7	130050000	130060000	7	128340000	128350000
1	183620000	183630000	1	182950000	182960000
7	135180000	135190000	7	134640000	134650000
7	135160000	135170000	7	134980000	134990000
1	183610000	183620000	1	183470000	183480000
7	135990000	136000000	7	135660000	135670000
7	139990000	140000000	7	139770000	139780000
7	140310000	140320000	7	140170000	140180000
1	183910000	183920000	1	183650000	183660000
1	184670000	184680000	1	183650000	183660000
7	94400000	94410000	7	93890000	93900000
7	94080000	94090000	7	93900000	93910000
1	183890000	183900000	1	183800000	183810000
7	98170000	98180000	7	97110000	97120000
7	100870000	100880000	7	100100000	100110000
7	100420000	100430000	7	100120000	100130000
7	100690000	100700000	7	100470000	100480000
7	100860000	100870000	7	100460000	100470000
7	100560000	100570000	7	100470000	100480000
7	100850000	100860000	7	100700000	100710000
7	101060000	101070000	7	100890000	100900000
7	104910000	104920000	7	103070000	103080000
7	107160000	107170000	7	106280000	106290000
7	107870000	107880000	7	107740000	107750000
7	150750000	150760000	7	150340000	150350000
1	185670000	185680000	1	185310000	185320000
7	156470000	156480000	7	155810000	155820000
8	17910000	17920000	8	17150000	17160000
8	17920000	17930000	8	17240000	17250000
8	18860000	18870000	8	17920000	17930000
1	193020000	193030000	1	192800000	192810000
8	38390000	38400000	8	37760000	37770000
1	193120000	193130000	1	192800000	192810000
8	42140000	42150000	8	42050000	42060000
1	194280000	194290000	1	193180000	193190000
8	42800000	42810000	8	42690000	42700000
8	43070000	43080000	8	42690000	42700000
8	43690000	43700000	8	42690000	42700000
8	43690000	43700000	8	43090000	43100000
8	54010000	54020000	8	52710000	52720000
8	54140000	54150000	8	52710000	52720000
8	54150000	54160000	8	53840000	53850000
8	22140000	22150000	8	21910000	21920000
8	26570000	26580000	8	26380000	26390000
8	27590000	27600000	8	27310000	27320000
8	27420000	27430000	8	27320000	27330000
8	31180000	31190000	8	30910000	30920000
8	33570000	33580000	8	33480000	33490000
8	56920000	56930000	8	56440000	56450000
1	200800000	200810000	1	200620000	200630000
8	67050000	67060000	8	65640000	65650000
1	202310000	202320000	1	202190000	202200000
8	73740000	73750000	8	73290000	73300000
8	73880000	73890000	8	73290000	73300000
8	118110000	118120000	8	117520000	117530000
8	120860000	120870000	8	120440000	120450000
8	124450000	124460000	8	123260000	123270000
8	128660000	128670000	8	127730000	127740000
8	129550000	129560000	8	127730000	127740000
8	129680000	129690000	8	127730000	127740000
8	133880000	133890000	8	133570000	133580000
8	142460000	142470000	8	141500000	141510000
8	141710000	141720000	8	141500000	141510000
8	143040000	143050000	8	142660000	142670000
8	143040000	143050000	8	142780000	142790000
8	144090000	144100000	8	143990000	144000000
1	204380000	204390000	1	203860000	203870000
8	96250000	96260000	8	94550000	94560000
8	95250000	95260000	8	94940000	94950000
8	95020000	95030000	8	94940000	94950000
1	204130000	204140000	1	203860000	203870000
8	97550000	97560000	8	96230000	96240000
8	99350000	99360000	8	98940000	98950000
8	100540000	100550000	8	100140000	100150000
8	100710000	100720000	8	100140000	100150000
8	100820000	100830000	8	100140000	100150000
8	100930000	100940000	8	100140000	100150000
8	101200000	101210000	8	100140000	100150000
1	52680000	52690000	1	52400000	52410000
8	102800000	102810000	8	102650000	102660000
1	205500000	205510000	1	205350000	205360000
8	108450000	108460000	8	108240000	108250000
8	109320000	109330000	8	108240000	108250000
8	109540000	109550000	8	109330000	109340000
8	74340000	74350000	8	73290000	73300000
8	80020000	80030000	8	79760000	79770000
8	81840000	81850000	8	80030000	80040000
1	206980000	206990000	1	206610000	206620000
8	80230000	80240000	8	80080000	80090000
1	207400000	207410000	1	207080000	207090000
8	89680000	89690000	8	88320000	88330000
8	90560000	90570000	8	90000000	90010000
8	90940000	90950000	8	90000000	90010000
8	91070000	91080000	8	90980000	90990000
9	71900000	71910000	9	70410000	70420000
9	5590000	5600000	9	5180000	5190000
1	209690000	209700000	1	209580000	209590000
1	211260000	211270000	1	209820000	209830000
9	19450000	19460000	9	19040000	19050000
9	21110000	21120000	9	20620000	20630000
9	21980000	21990000	9	20620000	20630000
9	32970000	32980000	9	32380000	32390000
9	33230000	33240000	9	32380000	32390000
9	33280000	33290000	9	32550000	32560000
9	35470000	35480000	9	34890000	34900000
9	35550000	35560000	9	34890000	34900000
9	35470000	35480000	9	35110000	35120000
9	78220000	78230000	9	77170000	77180000
9	79690000	79700000	9	79570000	79580000
9	86280000	86290000	9	85940000	85950000
9	89920000	89930000	9	89600000	89610000
1	211480000	211490000	1	211320000	211330000
9	113400000	113410000	9	113300000	113310000
9	114290000	114300000	9	114090000	114100000
1	211650000	211660000	1	211320000	211330000
9	124850000	124860000	9	124770000	124780000
9	98260000	98270000	9	97920000	97930000
9	98020000	98030000	9	97920000	97930000
9	98780000	98790000	9	97920000	97930000
9	101530000	101540000	9	101390000	101400000
9	108940000	108950000	9	107480000	107490000
9	129620000	129630000	9	129130000	129140000
9	129780000	129790000	9	129130000	129140000
9	132790000	132800000	9	132410000	132420000
9	132970000	132980000	9	132410000	132420000
9	133140000	133150000	9	133030000	133040000
9	133710000	133720000	9	133530000	133540000
9	136120000	136130000	9	135960000	135970000
10	52480000	52490000	10	52310000	52320000
10	69630000	69640000	10	69410000	69420000
10	71570000	71580000	10	71310000	71320000
10	71700000	71710000	10	71310000	71320000
10	71810000	71820000	10	71310000	71320000
10	71890000	71900000	10	71310000	71320000
10	5620000	5630000	10	4820000	4830000
10	18650000	18660000	10	16810000	16820000
10	22230000	22240000	10	21520000	21530000
10	22330000	22340000	10	21520000	21530000
10	22240000	22250000	10	22000000	22010000
10	22320000	22330000	10	22000000	22010000
10	28530000	28540000	10	27240000	27250000
10	34630000	34640000	10	33330000	33340000
10	35200000	35210000	10	35120000	35130000
10	36590000	36600000	10	35640000	35650000
10	75220000	75230000	10	75110000	75120000
10	76540000	76550000	10	75400000	75410000
10	76030000	76040000	10	75400000	75410000
10	79070000	79080000	10	78030000	78040000
10	79450000	79460000	10	78030000	78040000
10	89210000	89220000	10	87650000	87660000
10	88110000	88120000	10	87860000	87870000
10	88390000	88400000	10	87860000	87870000
10	89560000	89570000	10	89250000	89260000
10	90860000	90870000	10	89250000	89260000
10	128140000	128150000	10	127890000	127900000
10	128070000	128080000	10	127890000	127900000
10	128000000	128010000	10	127900000	127910000
10	110880000	110890000	10	110300000	110310000
10	119420000	119430000	10	119200000	119210000
10	123560000	123570000	10	123130000	123140000
10	123970000	123980000	10	123130000	123140000
10	124420000	124430000	10	123140000	123150000
10	95840000	95850000	10	95690000	95700000
10	100430000	100440000	10	100330000	100340000
10	102470000	102480000	10	102390000	102400000
1	172720000	172730000	1	172440000	172450000
10	103240000	103250000	10	102910000	102920000
11	46530000	46540000	11	46380000	46390000
11	59140000	59150000	11	57330000	57340000
11	57640000	57650000	11	57560000	57570000
11	59140000	59150000	11	57660000	57670000
11	59140000	59150000	11	58570000	58580000
11	62550000	62560000	11	62410000	62420000
11	64150000	64160000	11	63760000	63770000
11	69640000	69650000	11	69290000	69300000
11	70190000	70200000	11	69700000	69710000
11	4060000	4070000	11	3850000	3860000
11	3960000	3970000	11	3850000	3860000
11	5000000	5010000	11	4630000	4640000
11	5800000	5810000	11	4630000	4640000
11	5890000	5900000	11	4630000	4640000
1	175000000	175010000	1	173860000	173870000
1	176200000	176210000	1	175020000	175030000
11	14890000	14900000	11	14520000	14530000
11	17500000	17510000	11	17380000	17390000
11	17970000	17980000	11	17730000	17740000
11	18740000	18750000	11	18170000	18180000
11	20370000	20380000	11	19240000	19250000
11	22780000	22790000	11	22330000	22340000
11	22820000	22830000	11	22620000	22630000
11	27480000	27490000	11	27360000	27370000
11	28520000	28530000	11	27700000	27710000
11	33320000	33330000	11	33160000	33170000
11	35390000	35400000	11	34510000	34520000
11	36490000	36500000	11	34910000	34920000
11	36260000	36270000	11	35610000	35620000
11	36490000	36500000	11	35610000	35620000
11	36490000	36500000	11	36280000	36290000
11	75530000	75540000	11	75390000	75400000
11	76680000	76690000	11	76200000	76210000
11	77540000	77550000	11	77120000	77130000
11	78560000	78570000	11	78410000	78420000
11	83170000	83180000	11	82900000	82910000
11	83160000	83170000	11	83070000	83080000
11	86290000	86300000	11	85850000	85860000
11	87280000	87290000	11	86950000	86960000
11	94500000	94510000	11	93660000	93670000
11	95780000	95790000	11	94970000	94980000
11	108650000	108660000	11	107560000	107570000
11	108650000	108660000	11	108000000	108010000
11	108650000	108660000	11	108120000	108130000
11	108650000	108660000	11	108220000	108230000
11	112280000	112290000	11	111930000	111940000
11	117100000	117110000	11	116790000	116800000
11	121190000	121200000	11	120510000	120520000
11	121600000	121610000	11	120510000	120520000
11	121580000	121590000	11	121450000	121460000
11	122750000	122760000	11	122650000	122660000
11	125870000	125880000	11	125160000	125170000
11	126270000	126280000	11	125900000	125910000
11	126990000	127000000	11	126300000	126310000
12	49510000	49520000	12	49360000	49370000
12	50060000	50070000	12	49960000	49970000
12	50630000	50640000	12	50500000	50510000
12	51340000	51350000	12	51040000	51050000
12	51810000	51820000	12	51420000	51430000
12	51870000	51880000	12	51420000	51430000
12	54200000	54210000	12	54000000	54010000
12	55930000	55940000	12	55810000	55820000
12	56460000	56470000	12	56300000	56310000
12	57060000	57070000	12	56750000	56760000
12	56990000	57000000	12	56760000	56770000
12	62370000	62380000	12	62260000	62270000
12	66690000	66700000	12	66130000	66140000
12	70340000	70350000	12	70240000	70250000
12	71670000	71680000	12	70240000	70250000
12	540000	550000	12	450000	460000
12	2580000	2590000	12	2050000	2060000
12	3030000	3040000	12	2850000	2860000
12	3270000	3280000	12	3070000	3080000
12	7110000	7120000	12	6860000	6870000
12	9040000	9050000	12	8660000	8670000
1	237560000	237570000	1	236600000	236610000
12	14990000	15000000	12	14840000	14850000
12	15880000	15890000	12	14960000	14970000
12	22620000	22630000	12	21500000	21510000
12	27300000	27310000	12	27020000	27030000
12	29370000	29380000	12	27710000	27720000
12	28160000	28170000	12	27970000	27980000
12	75500000	75510000	12	75330000	75340000
12	76030000	76040000	12	75330000	75340000
12	76570000	76580000	12	75510000	75520000
12	89350000	89360000	12	88140000	88150000
12	89450000	89460000	12	89350000	89360000
12	110590000	110600000	12	110450000	110460000
12	110820000	110830000	12	110610000	110620000
12	111300000	111310000	12	110920000	110930000
1	243310000	243320000	1	241530000	241540000
12	113160000	113170000	12	113050000	113060000
12	113920000	113930000	12	113180000	113190000
1	242000000	242010000	1	241530000	241540000
12	117830000	117840000	12	117360000	117370000
12	119540000	119550000	12	118980000	118990000
12	123230000	123240000	12	122970000	122980000
12	124750000	124760000	12	124560000	124570000
12	126870000	126880000	12	125180000	125190000
12	94430000	94440000	12	94140000	94150000
12	94980000	94990000	12	94140000	94150000
12	95530000	95540000	12	94140000	94150000
1	244840000	244850000	1	243250000	243260000
12	105110000	105120000	12	103950000	103960000
12	104350000	104360000	12	104210000	104220000
12	108520000	108530000	12	107680000	107690000
12	109090000	109100000	12	107680000	107690000
12	108520000	108530000	12	107760000	107770000
12	128380000	128390000	12	128260000	128270000
12	130010000	130020000	12	128260000	128270000
13	58950000	58960000	13	57630000	57640000
13	59320000	59330000	13	57630000	57640000
13	59400000	59410000	13	57630000	57640000
1	246570000	246580000	1	244830000	244840000
1	246000000	246010000	1	245150000	245160000
1	246450000	246460000	1	245150000	245160000
1	246750000	246760000	1	245150000	245160000
13	51580000	51590000	13	51450000	51460000
13	20480000	20490000	13	20190000	20200000
13	20700000	20710000	13	20190000	20200000
13	20820000	20830000	13	20190000	20200000
13	33540000	33550000	13	32530000	32540000
13	33540000	33550000	13	32580000	32590000
13	33720000	33730000	13	32580000	32590000
13	36980000	36990000	13	36340000	36350000
13	36730000	36740000	13	36430000	36440000
13	77000000	77010000	13	75540000	75550000
13	79390000	79400000	13	78600000	78610000
13	97430000	97440000	13	95670000	95680000
13	109780000	109790000	13	108210000	108220000
13	110120000	110130000	13	108210000	108220000
13	110910000	110920000	13	110700000	110710000
14	39430000	39440000	14	39100000	39110000
14	45250000	45260000	14	44960000	44970000
14	45250000	45260000	14	45130000	45140000
14	50530000	50540000	14	49850000	49860000
14	51970000	51980000	14	51650000	51660000
14	54780000	54790000	14	54560000	54570000
1	224330000	224340000	1	224110000	224120000
14	56340000	56350000	14	55440000	55450000
14	59480000	59490000	14	58420000	58430000
14	59440000	59450000	14	58630000	58640000
14	61830000	61840000	14	61280000	61290000
14	62120000	62130000	14	61280000	61290000
14	64500000	64510000	14	63640000	63650000
14	65950000	65960000	14	64980000	64990000
14	65820000	65830000	14	65410000	65420000
14	65950000	65960000	14	65410000	65420000
14	67110000	67120000	14	65410000	65420000
14	71740000	71750000	14	71320000	71330000
14	73470000	73480000	14	73230000	73240000
14	21090000	21100000	14	20330000	20340000
14	24430000	24440000	14	24230000	24240000
14	32240000	32250000	14	32070000	32080000
14	92790000	92800000	14	92120000	92130000
14	92690000	92700000	14	92120000	92130000
14	93610000	93620000	14	93110000	93120000
14	93900000	93910000	14	93110000	93120000
14	94170000	94180000	14	93110000	93120000
14	94150000	94160000	14	94020000	94030000
1	231530000	231540000	1	231420000	231430000
14	101620000	101630000	14	100900000	100910000
14	101230000	101240000	14	100900000	100910000
14	102310000	102320000	14	101960000	101970000
14	103290000	103300000	14	103090000	103100000
14	104560000	104570000	14	104080000	104090000
14	104630000	104640000	14	104080000	104090000
14	104710000	104720000	14	104080000	104090000
14	75490000	75500000	14	75120000	75130000
14	75650000	75660000	14	75120000	75130000
14	77540000	77550000	14	77140000	77150000
14	81200000	81210000	14	80940000	80950000
14	81530000	81540000	14	80940000	80950000
1	233240000	233250000	1	232630000	232640000
14	81450000	81460000	14	80950000	80960000
14	91490000	91500000	14	89950000	89960000
14	90690000	90700000	14	90390000	90400000
15	25500000	25510000	15	23640000	23650000
15	34970000	34980000	15	34220000	34230000
15	34960000	34970000	15	34340000	34350000
15	38680000	38690000	15	38560000	38570000
15	40270000	40280000	15	39780000	39790000
15	40420000	40430000	15	40340000	40350000
15	49140000	49150000	15	48870000	48880000
15	50320000	50330000	15	48870000	48880000
15	50430000	50440000	15	50350000	50360000
15	52140000	52150000	15	51970000	51980000
1	235950000	235960000	1	235860000	235870000
15	65290000	65300000	15	65040000	65050000
15	65290000	65300000	15	65180000	65190000
15	71430000	71440000	15	71110000	71120000
15	71800000	71810000	15	71110000	71120000
15	74320000	74330000	15	73870000	73880000
15	76140000	76150000	15	75720000	75730000
15	88440000	88450000	15	88250000	88260000
15	88900000	88910000	15	88620000	88630000
15	89330000	89340000	15	88630000	88640000
15	89870000	89880000	15	89750000	89760000
15	90070000	90080000	15	89890000	89900000
15	92070000	92080000	15	90950000	90960000
15	98850000	98860000	15	98640000	98650000
15	101000000	101010000	15	100910000	100920000
15	101640000	101650000	15	101290000	101300000
16	46810000	46820000	16	46680000	46690000
16	48610000	48620000	16	46680000	46690000
16	48620000	48630000	16	47140000	47150000
16	48620000	48630000	16	48240000	48250000
16	50210000	50220000	16	50020000	50030000
16	53160000	53170000	16	53050000	53060000
16	53210000	53220000	16	53050000	53060000
16	53510000	53520000	16	53050000	53060000
16	54930000	54940000	16	54280000	54290000
16	350000	360000	16	220000	230000
16	2500000	2510000	16	2190000	2200000
16	13870000	13880000	16	12900000	12910000
16	14520000	14530000	16	13920000	13930000
16	14600000	14610000	16	13920000	13930000
16	19370000	19380000	16	19160000	19170000
16	57160000	57170000	16	56960000	56970000
16	66270000	66280000	16	65120000	65130000
16	67170000	67180000	16	66960000	66970000
16	69120000	69130000	16	68530000	68540000
16	27110000	27120000	16	25250000	25260000
16	75650000	75660000	16	74290000	74300000
16	75760000	75770000	16	75200000	75210000
16	77160000	77170000	16	75200000	75210000
16	77190000	77200000	16	75560000	75570000
16	83210000	83220000	16	82620000	82630000
16	84060000	84070000	16	83950000	83960000
16	84490000	84500000	16	83950000	83960000
16	87280000	87290000	16	86560000	86570000
16	87390000	87400000	16	86560000	86570000
16	87630000	87640000	16	86560000	86570000
16	87760000	87770000	16	86560000	86570000
17	40280000	40290000	17	40010000	40020000
17	41670000	41680000	17	40300000	40310000
17	41660000	41670000	17	40360000	40370000
17	49690000	49700000	17	49570000	49580000
17	690000	700000	17	410000	420000
17	2240000	2250000	17	2050000	2060000
2	45770000	45780000	2	45650000	45660000
17	4880000	4890000	17	4560000	4570000
17	4880000	4890000	17	4710000	4720000
17	7010000	7020000	17	6650000	6660000
17	8750000	8760000	17	8080000	8090000
17	16510000	16520000	17	15260000	15270000
17	17850000	17860000	17	17680000	17690000
17	56780000	56790000	17	56590000	56600000
17	67690000	67700000	17	67360000	67370000
17	67600000	67610000	17	67370000	67380000
17	68450000	68460000	17	67370000	67380000
17	68440000	68450000	17	68240000	68250000
17	21270000	21280000	17	21120000	21130000
17	30090000	30100000	17	29620000	29630000
17	74530000	74540000	17	74200000	74210000
17	76730000	76740000	17	75780000	75790000
17	77060000	77070000	17	76860000	76870000
17	79390000	79400000	17	79020000	79030000
18	2660000	2670000	18	2570000	2580000
18	3590000	3600000	18	3450000	3460000
2	54500000	54510000	2	54110000	54120000
18	13530000	13540000	18	13210000	13220000
2	54700000	54710000	2	54110000	54120000
2	55000000	55010000	2	54110000	54120000
18	58120000	58130000	18	58040000	58050000
2	55170000	55180000	2	54110000	54120000
18	59820000	59830000	18	59310000	59320000
18	62570000	62580000	18	62180000	62190000
18	62970000	62980000	18	62180000	62190000
18	63430000	63440000	18	62180000	62190000
18	62950000	62960000	18	62710000	62720000
18	68650000	68660000	18	67510000	67520000
18	70080000	70090000	18	68710000	68720000
18	70200000	70210000	18	68710000	68720000
18	23370000	23380000	18	23130000	23140000
18	25350000	25360000	18	24390000	24400000
18	32070000	32080000	18	31940000	31950000
18	45210000	45220000	18	44680000	44690000
18	45840000	45850000	18	45720000	45730000
2	20090000	20100000	2	20010000	20020000
18	50280000	50290000	18	49480000	49490000
18	52280000	52290000	18	50820000	50830000
2	21110000	21120000	2	20660000	20670000
18	80020000	80030000	18	79060000	79070000
19	38230000	38240000	19	37900000	37910000
19	38330000	38340000	19	37900000	37910000
19	38630000	38640000	19	38400000	38410000
19	39320000	39330000	19	39120000	39130000
19	41940000	41950000	19	41860000	41870000
19	46260000	46270000	19	46020000	46030000
19	49210000	49220000	19	49080000	49090000
19	2610000	2620000	19	2470000	2480000
19	9790000	9800000	19	9620000	9630000
19	10250000	10260000	19	9930000	9940000
19	10380000	10390000	19	9930000	9940000
19	14680000	14690000	19	14570000	14580000
19	15560000	15570000	19	15080000	15090000
19	16180000	16190000	19	15610000	15620000
19	16400000	16410000	19	15610000	15620000
2	25210000	25220000	2	24970000	24980000
19	17770000	17780000	19	17440000	17450000
19	18400000	18410000	19	18200000	18210000
19	19640000	19650000	19	19520000	19530000
19	19950000	19960000	19	19530000	19540000
19	29860000	29870000	19	29600000	29610000
19	33400000	33410000	19	33130000	33140000
19	33760000	33770000	19	33130000	33140000
19	35470000	35480000	19	35350000	35360000
20	1450000	1460000	20	1110000	1120000
20	8720000	8730000	20	7940000	7950000
20	17890000	17900000	20	17680000	17690000
20	38890000	38900000	20	38740000	38750000
20	38880000	38890000	20	38800000	38810000
20	43180000	43190000	20	41360000	41370000
20	43680000	43690000	20	43450000	43460000
20	44070000	44080000	20	43450000	43460000
20	44190000	44200000	20	43450000	43460000
20	44310000	44320000	20	44210000	44220000
20	44610000	44620000	20	44210000	44220000
20	44870000	44880000	20	44210000	44220000
20	45440000	45450000	20	45340000	45350000
20	48610000	48620000	20	47780000	47790000
20	50460000	50470000	20	50190000	50200000
20	21510000	21520000	20	20360000	20370000
20	25390000	25400000	20	24990000	25000000
20	34110000	34120000	20	33440000	33450000
20	56470000	56480000	20	56390000	56400000
20	57350000	57360000	20	56390000	56400000
20	59450000	59460000	20	58220000	58230000
20	58990000	59000000	20	58890000	58900000
20	61890000	61900000	20	59940000	59950000
20	63970000	63980000	20	63530000	63540000
21	25720000	25730000	21	25600000	25610000
21	26160000	26170000	21	25600000	25610000
21	31070000	31080000	21	30340000	30350000
21	31600000	31610000	21	30340000	30350000
21	31600000	31610000	21	30820000	30830000
21	32590000	32600000	21	31870000	31880000
21	40120000	40130000	21	39860000	39870000
2	33580000	33590000	2	33470000	33480000
21	42810000	42820000	21	42650000	42660000
21	43640000	43650000	21	42920000	42930000
22	24510000	24520000	22	24420000	24430000
22	25050000	25060000	22	24940000	24950000
22	30380000	30390000	22	30280000	30290000
22	31950000	31960000	22	31660000	31670000
22	31940000	31950000	22	31750000	31760000
2	36500000	36510000	2	36350000	36360000
22	36980000	36990000	22	36770000	36780000
22	39310000	39320000	22	39150000	39160000
22	40340000	40350000	22	39530000	39540000
22	41940000	41950000	22	41680000	41690000
22	42450000	42460000	22	41960000	41970000
X	47370000	47380000	X	47210000	47220000
2	1540000	1550000	2	950000	960000
X	30710000	30720000	X	30570000	30580000
X	30880000	30890000	X	30570000	30580000
X	56720000	56730000	X	55000000	55010000
X	65530000	65540000	X	63750000	63760000
X	69150000	69160000	X	68820000	68830000
X	69220000	69230000	X	68820000	68830000
X	69280000	69290000	X	68820000	68830000
X	7080000	7090000	X	6220000	6230000
X	13080000	13090000	X	12970000	12980000
X	16710000	16720000	X	14870000	14880000
X	16780000	16790000	X	14870000	14880000
2	3560000	3570000	2	3370000	3380000
X	16780000	16790000	X	15330000	15340000
X	16870000	16880000	X	15330000	15340000
2	7020000	7030000	2	6910000	6920000
X	18670000	18680000	X	18420000	18430000
X	104140000	104150000	X	103680000	103690000
X	104140000	104150000	X	103830000	103840000
X	110320000	110330000	X	109730000	109740000
X	134900000	134910000	X	134790000	134800000
X	150980000	150990000	X	149500000	149510000
1	62780000	62790000	1	62430000	62440000
Y	13470000	13480000	Y	12900000	12910000
2	11580000	11590000	2	11130000	11140000
2	11450000	11460000	2	11130000	11140000
1	63520000	63530000	1	62430000	62440000
2	16750000	16760000	2	15940000	15950000
2	19890000	19900000	2	19350000	19360000
2	56740000	56750000	2	56180000	56190000
2	57500000	57510000	2	56180000	56190000
2	64740000	64750000	2	64650000	64660000
2	68030000	68040000	2	66430000	66440000
2	70630000	70640000	2	69890000	69900000
2	70070000	70080000	2	69910000	69920000
2	70140000	70150000	2	69910000	69920000
2	89800000	89810000	2	88450000	88460000
2	96950000	96960000	2	96850000	96860000
2	106190000	106200000	2	105330000	105340000
2	120670000	120680000	2	119750000	119760000
2	120670000	120680000	2	120340000	120350000
2	128740000	128750000	2	128310000	128320000
2	136370000	136380000	2	136110000	136120000
2	144890000	144900000	2	144520000	144530000
2	189770000	189780000	2	189660000	189670000
2	190070000	190080000	2	189660000	189670000
2	191670000	191680000	2	189760000	189770000
