chr	start	end	targetChr	targetStart	targetEnd
2	135920000	135930000	2	136110000	136120000
1	53480000	53490000	1	54800000	54810000
1	53860000	53870000	1	54800000	54810000
1	54060000	54070000	1	54800000	54810000
2	187130000	187140000	2	187440000	187450000
2	189780000	189790000	2	190060000	190070000
2	195660000	195670000	2	196060000	196070000
2	212680000	212690000	2	213150000	213160000
2	212770000	212780000	2	213150000	213160000
2	164730000	164740000	2	164950000	164960000
2	165400000	165410000	2	166120000	166130000
2	168160000	168170000	2	168240000	168250000
2	169450000	169460000	2	170810000	170820000
2	174150000	174160000	2	174330000	174340000
2	175240000	175250000	2	176090000	176100000
2	175360000	175370000	2	176090000	176100000
2	175690000	175700000	2	176080000	176090000
2	181300000	181310000	2	181450000	181460000
2	217780000	217790000	2	218060000	218070000
2	218290000	218300000	2	218380000	218390000
2	219040000	219050000	2	219300000	219310000
2	219730000	219740000	2	221570000	221580000
2	220680000	220690000	2	221570000	221580000
2	222960000	222970000	2	223600000	223610000
2	227890000	227900000	2	229270000	229280000
2	227890000	227900000	2	229710000	229720000
2	231610000	231620000	2	231700000	231710000
2	233480000	233490000	2	233710000	233720000
2	234280000	234290000	2	234490000	234500000
2	237150000	237160000	2	237480000	237490000
2	239030000	239040000	2	240140000	240150000
2	240050000	240060000	2	240140000	240150000
2	240150000	240160000	2	240430000	240440000
3	15820000	15830000	3	16170000	16180000
3	39100000	39110000	3	39280000	39290000
3	39190000	39200000	3	39280000	39290000
1	6240000	6250000	1	6460000	6470000
3	40190000	40200000	3	40310000	40320000
3	42780000	42790000	3	42870000	42880000
3	45940000	45950000	3	46370000	46380000
3	46090000	46100000	3	46200000	46210000
3	48270000	48280000	3	48430000	48440000
3	49540000	49550000	3	49670000	49680000
3	50600000	50610000	3	51380000	51390000
3	51390000	51400000	3	51670000	51680000
3	51500000	51510000	3	51670000	51680000
3	58180000	58190000	3	58300000	58310000
3	58640000	58650000	3	59050000	59060000
3	62620000	62630000	3	63810000	63820000
3	72940000	72950000	3	73060000	73070000
3	31220000	31230000	3	31530000	31540000
3	88200000	88210000	3	89100000	89110000
3	99830000	99840000	3	100260000	100270000
3	104270000	104280000	3	105360000	105370000
3	128970000	128980000	3	129240000	129250000
3	132720000	132730000	3	134480000	134490000
3	132720000	132730000	3	133800000	133810000
3	136070000	136080000	3	136750000	136760000
3	138700000	138710000	3	139340000	139350000
3	139420000	139430000	3	139930000	139940000
3	109730000	109740000	3	111070000	111080000
3	111710000	111720000	3	111970000	111980000
3	116770000	116780000	3	117990000	118000000
1	70520000	70530000	1	71040000	71050000
1	70680000	70690000	1	71040000	71050000
1	71580000	71590000	1	72280000	72290000
3	126130000	126140000	3	126390000	126400000
3	169140000	169150000	3	169660000	169670000
1	22120000	22130000	1	22640000	22650000
1	22420000	22430000	1	22640000	22650000
3	179430000	179440000	3	179560000	179570000
3	179760000	179770000	3	180600000	180610000
3	185970000	185980000	3	186540000	186550000
3	185970000	185980000	3	186610000	186620000
3	186250000	186260000	3	186540000	186550000
3	193660000	193670000	3	194130000	194140000
3	193780000	193790000	3	194130000	194140000
4	240000	250000	4	990000	1000000
4	1130000	1140000	4	1340000	1350000
4	3340000	3350000	4	3440000	3450000
1	25500000	25510000	1	25800000	25810000
4	10570000	10580000	4	11420000	11430000
4	12730000	12740000	4	13540000	13550000
4	12850000	12860000	4	13540000	13550000
4	13650000	13660000	4	15000000	15010000
4	15230000	15240000	4	15960000	15970000
4	21790000	21800000	4	22690000	22700000
4	22400000	22410000	4	22690000	22700000
4	56420000	56430000	4	56820000	56830000
4	70670000	70680000	4	70990000	71000000
4	73070000	73080000	4	73250000	73260000
4	38060000	38070000	4	38860000	38870000
4	38320000	38330000	4	38660000	38670000
4	38760000	38770000	4	38860000	38870000
4	39460000	39470000	4	39970000	39980000
4	40970000	40980000	4	41210000	41220000
4	51850000	51860000	4	52020000	52030000
4	53010000	53020000	4	54220000	54230000
4	53190000	53200000	4	54220000	54230000
4	53910000	53920000	4	54220000	54230000
4	99560000	99570000	4	99940000	99950000
4	102430000	102440000	4	103090000	103100000
4	104930000	104940000	4	105470000	105480000
4	109420000	109430000	4	109820000	109830000
4	75990000	76000000	4	76070000	76080000
4	80050000	80060000	4	80190000	80200000
4	82450000	82460000	4	82890000	82900000
4	84570000	84580000	4	84960000	84970000
4	84750000	84760000	4	84960000	84970000
4	86490000	86500000	4	86890000	86900000
4	87850000	87860000	4	87970000	87980000
4	89230000	89240000	4	89890000	89900000
4	89440000	89450000	4	89890000	89900000
4	89640000	89650000	4	89890000	89900000
4	128450000	128460000	4	128800000	128810000
1	35450000	35460000	1	35550000	35560000
4	142350000	142360000	4	142840000	142850000
4	145220000	145230000	4	145610000	145620000
4	116350000	116360000	4	118030000	118040000
4	118760000	118770000	4	118880000	118890000
4	121890000	121900000	4	122920000	122930000
4	122750000	122760000	4	122920000	122930000
4	127600000	127610000	4	127730000	127740000
1	111480000	111490000	1	111750000	111760000
4	157990000	158000000	4	158170000	158180000
1	112380000	112390000	1	112610000	112620000
4	162500000	162510000	4	163470000	163480000
1	112380000	112390000	1	112700000	112710000
5	35080000	35090000	5	35930000	35940000
5	35200000	35210000	5	35930000	35940000
5	57780000	57790000	5	58460000	58470000
5	59810000	59820000	5	60940000	60950000
5	38430000	38440000	5	38550000	38560000
5	62440000	62450000	5	63960000	63970000
5	63120000	63130000	5	63960000	63970000
5	64630000	64640000	5	65480000	65490000
5	64810000	64820000	5	65480000	65490000
5	64960000	64970000	5	65480000	65490000
1	118140000	118150000	1	119360000	119370000
5	40500000	40510000	5	40670000	40680000
5	65090000	65100000	5	65480000	65490000
5	102780000	102790000	5	103120000	103130000
5	74040000	74050000	5	74640000	74650000
1	94050000	94060000	1	94230000	94240000
5	112990000	113000000	5	113510000	113520000
5	126340000	126350000	5	126600000	126610000
5	131170000	131180000	5	131260000	131270000
5	131430000	131440000	5	132010000	132020000
5	132380000	132390000	5	132810000	132820000
5	133100000	133110000	5	133960000	133970000
5	135560000	135570000	5	135830000	135840000
5	137320000	137330000	5	137490000	137500000
5	137640000	137650000	5	138130000	138140000
5	137770000	137780000	5	138130000	138140000
5	138560000	138570000	5	139270000	139280000
5	140370000	140380000	5	140630000	140640000
5	140790000	140800000	5	141380000	141390000
5	141680000	141690000	5	141960000	141970000
1	99800000	99810000	1	100030000	100040000
5	142910000	142920000	5	144170000	144180000
5	143400000	143410000	5	143810000	143820000
5	143600000	143610000	5	143810000	143820000
5	150560000	150570000	5	150840000	150850000
5	157330000	157340000	5	157730000	157740000
5	159290000	159300000	5	159910000	159920000
5	168270000	168280000	5	169300000	169310000
5	168680000	168690000	5	169300000	169310000
5	169700000	169710000	5	169980000	169990000
5	172100000	172110000	5	172180000	172190000
5	174950000	174960000	5	175440000	175450000
5	176420000	176430000	5	176530000	176540000
6	2770000	2780000	6	3060000	3070000
6	3090000	3100000	6	4020000	4030000
6	12910000	12920000	6	13320000	13330000
6	16510000	16520000	6	16760000	16770000
6	39350000	39360000	6	41030000	41040000
6	39980000	39990000	6	41030000	41040000
6	41780000	41790000	6	42050000	42060000
6	41780000	41790000	6	42190000	42200000
6	42660000	42670000	6	42870000	42880000
6	44100000	44110000	6	44240000	44250000
6	52410000	52420000	6	53060000	53070000
6	52660000	52670000	6	53060000	53070000
6	26030000	26040000	6	27140000	27150000
6	26180000	26190000	6	27140000	27150000
6	26210000	26220000	6	27820000	27830000
6	27920000	27930000	6	28080000	28090000
6	28680000	28690000	6	29580000	29590000
1	84940000	84950000	1	85250000	85260000
6	35330000	35340000	6	35450000	35460000
6	36610000	36620000	6	37000000	37010000
6	37480000	37490000	6	37690000	37700000
6	73970000	73980000	6	75200000	75210000
6	74090000	74100000	6	75200000	75210000
6	74400000	74410000	6	75200000	75210000
6	79070000	79080000	6	79230000	79240000
6	79070000	79080000	6	79530000	79540000
6	80600000	80610000	6	81750000	81760000
6	82230000	82240000	6	83190000	83200000
6	83220000	83230000	6	83510000	83520000
6	83220000	83230000	6	84220000	84230000
6	83410000	83420000	6	83510000	83520000
6	83610000	83620000	6	84220000	84230000
6	83870000	83880000	6	84220000	84230000
6	88980000	88990000	6	89350000	89360000
6	110520000	110530000	6	110980000	110990000
6	110680000	110690000	6	110950000	110960000
6	112180000	112190000	6	113850000	113860000
6	118800000	118810000	6	118890000	118900000
6	119140000	119150000	6	119340000	119350000
6	126010000	126020000	6	127110000	127120000
6	136640000	136650000	6	136790000	136800000
6	137710000	137720000	6	137860000	137870000
1	89080000	89090000	1	89360000	89370000
6	96620000	96630000	6	96890000	96900000
6	99600000	99610000	6	100460000	100470000
6	108550000	108560000	6	108840000	108850000
6	109180000	109190000	6	109380000	109390000
1	10500000	10510000	1	11010000	11020000
6	151390000	151400000	6	152980000	152990000
6	155320000	155330000	6	156770000	156780000
7	66830000	66840000	7	66990000	67000000
7	69410000	69420000	7	69590000	69600000
7	990000	1000000	7	1160000	1170000
7	11420000	11430000	7	11830000	11840000
1	153800000	153810000	1	153970000	153980000
1	156380000	156390000	1	156610000	156620000
7	40220000	40230000	7	41700000	41710000
7	40330000	40340000	7	41700000	41710000
1	156470000	156480000	1	156590000	156600000
7	47260000	47270000	7	47940000	47950000
7	19730000	19740000	7	20610000	20620000
1	157960000	157970000	1	158120000	158130000
7	25870000	25880000	7	27160000	27170000
7	26190000	26200000	7	27160000	27170000
7	26370000	26380000	7	27150000	27160000
1	158500000	158510000	1	159070000	159080000
7	26680000	26690000	7	27140000	27150000
7	26850000	26860000	7	27150000	27160000
1	160830000	160840000	1	160950000	160960000
7	91080000	91090000	7	92440000	92450000
7	92620000	92630000	7	92830000	92840000
7	96070000	96080000	7	97020000	97030000
1	182080000	182090000	1	182390000	182400000
7	96220000	96230000	7	97020000	97030000
7	96410000	96420000	7	97020000	97030000
7	100100000	100110000	7	100860000	100870000
7	100460000	100470000	7	100850000	100860000
7	100580000	100590000	7	100850000	100860000
1	182140000	182150000	1	182390000	182400000
1	182600000	182610000	1	182780000	182790000
7	127700000	127710000	7	128030000	128040000
7	132310000	132320000	7	132570000	132580000
7	137900000	137910000	7	138000000	138010000
7	150890000	150900000	7	150990000	151000000
8	3280000	3290000	8	4990000	5000000
8	10420000	10430000	8	10830000	10840000
8	17590000	17600000	8	17890000	17900000
8	38180000	38190000	8	38380000	38390000
8	40250000	40260000	8	41520000	41530000
8	48160000	48170000	8	48920000	48930000
8	48310000	48320000	8	48920000	48930000
8	51840000	51850000	8	52400000	52410000
8	52110000	52120000	8	52400000	52410000
8	20430000	20440000	8	21780000	21790000
8	21040000	21050000	8	21780000	21790000
8	21920000	21930000	8	22140000	22150000
1	196150000	196160000	1	196650000	196660000
8	27860000	27870000	8	27990000	28000000
8	30070000	30080000	8	30150000	30160000
8	36850000	36860000	8	37840000	37850000
8	36860000	36870000	8	37760000	37770000
8	65750000	65760000	8	66420000	66430000
8	65830000	65840000	8	66020000	66030000
8	66050000	66060000	8	66420000	66430000
8	70140000	70150000	8	70660000	70670000
8	70150000	70160000	8	70400000	70410000
8	72310000	72320000	8	73290000	73300000
8	85290000	85300000	8	86090000	86100000
8	89720000	89730000	8	89980000	89990000
8	89840000	89850000	8	89980000	89990000
8	89990000	90000000	8	91070000	91080000
8	90990000	91000000	8	91070000	91080000
1	202180000	202190000	1	202710000	202720000
1	202340000	202350000	1	202710000	202720000
8	95890000	95900000	8	96160000	96170000
8	103100000	103110000	8	103370000	103380000
8	103760000	103770000	8	104460000	104470000
8	109340000	109350000	8	109540000	109550000
8	112800000	112810000	8	113430000	113440000
8	117860000	117870000	8	118110000	118120000
8	123270000	123280000	8	124450000	124460000
8	123400000	123410000	8	124450000	124460000
8	132870000	132880000	8	133190000	133200000
8	140460000	140470000	8	140630000	140640000
8	142660000	142670000	8	143040000	143050000
8	142860000	142870000	8	143040000	143050000
9	37910000	37920000	9	38420000	38430000
1	208020000	208030000	1	208240000	208250000
9	71820000	71830000	9	71910000	71920000
9	19920000	19930000	9	20620000	20630000
9	32380000	32390000	9	32570000	32580000
9	34890000	34900000	9	35560000	35570000
9	34900000	34910000	9	35090000	35100000
9	4750000	4760000	9	5430000	5440000
9	4760000	4770000	9	4980000	4990000
1	210410000	210420000	1	211130000	211140000
1	210580000	210590000	1	211130000	211140000
1	211680000	211690000	1	212030000	212040000
9	88720000	88730000	9	88990000	89000000
9	91090000	91100000	9	91420000	91430000
9	91770000	91780000	9	91950000	91960000
9	113300000	113310000	9	113400000	113410000
9	114410000	114420000	9	114650000	114660000
9	117640000	117650000	9	119360000	119370000
9	117780000	117790000	9	119360000	119370000
9	118510000	118520000	9	119360000	119370000
9	122460000	122470000	9	122800000	122810000
9	123080000	123090000	9	123350000	123360000
9	124770000	124780000	9	124850000	124860000
9	124950000	124960000	9	125140000	125150000
9	125420000	125430000	9	125740000	125750000
9	126930000	126940000	9	127450000	127460000
9	127500000	127510000	9	127910000	127920000
9	127770000	127780000	9	127890000	127900000
9	131590000	131600000	9	131740000	131750000
9	132410000	132420000	9	132970000	132980000
9	133780000	133790000	9	133990000	134000000
9	135960000	135970000	9	136110000	136120000
9	136780000	136790000	9	137050000	137060000
9	136780000	136790000	9	137230000	137240000
9	137110000	137120000	9	137220000	137230000
9	96420000	96430000	9	96650000	96660000
10	43670000	43680000	10	44380000	44390000
10	47020000	47030000	10	47320000	47330000
10	920000	930000	10	1050000	1060000
10	4820000	4830000	10	5410000	5420000
1	15790000	15800000	1	16040000	16050000
10	4840000	4850000	10	5090000	5100000
10	6840000	6850000	10	7410000	7420000
10	6910000	6920000	10	7410000	7420000
10	7110000	7120000	10	7410000	7420000
10	58170000	58180000	10	58380000	58390000
10	62610000	62620000	10	62810000	62820000
10	69510000	69520000	10	69630000	69640000
10	70550000	70560000	10	70880000	70890000
10	22000000	22010000	10	22320000	22330000
10	23300000	23310000	10	24200000	24210000
10	74240000	74250000	10	75230000	75240000
10	74250000	74260000	10	75090000	75100000
1	169590000	169600000	1	169710000	169720000
10	89260000	89270000	10	89370000	89380000
10	110130000	110140000	10	110560000	110570000
10	122300000	122310000	10	122560000	122570000
10	124530000	124540000	10	124740000	124750000
1	172740000	172750000	1	173200000	173210000
1	172740000	172750000	1	173820000	173830000
10	92090000	92100000	10	92290000	92300000
10	93370000	93380000	10	93480000	93490000
10	96640000	96650000	10	96830000	96840000
10	101210000	101220000	10	101770000	101780000
10	102910000	102920000	10	103240000	103250000
1	173430000	173440000	1	173820000	173830000
11	57340000	57350000	11	57530000	57540000
11	57340000	57350000	11	57640000	57650000
11	57560000	57570000	11	57640000	57650000
11	59170000	59180000	11	59430000	59440000
11	59270000	59280000	11	59420000	59430000
11	66410000	66420000	11	66670000	66680000
11	66570000	66580000	11	66670000	66680000
11	69280000	69290000	11	69640000	69650000
11	1680000	1690000	11	1830000	1840000
11	2040000	2050000	11	2140000	2150000
11	4630000	4640000	11	4820000	4830000
1	17120000	17130000	1	17240000	17250000
11	5120000	5130000	11	5800000	5810000
11	5460000	5470000	11	5890000	5900000
11	5470000	5480000	11	5800000	5810000
11	6600000	6610000	11	6680000	6690000
1	175470000	175480000	1	175740000	175750000
11	14520000	14530000	11	14890000	14900000
11	14530000	14540000	11	14640000	14650000
11	18540000	18550000	11	18720000	18730000
11	32330000	32340000	11	32790000	32800000
11	34170000	34180000	11	34350000	34360000
11	74920000	74930000	11	75240000	75250000
11	75020000	75030000	11	75240000	75250000
11	78050000	78060000	11	78570000	78580000
11	118190000	118200000	11	118350000	118360000
1	178760000	178770000	1	179360000	179370000
11	124660000	124670000	11	124760000	124770000
1	179080000	179090000	1	179360000	179370000
11	93720000	93730000	11	94490000	94500000
1	17650000	17660000	1	18100000	18110000
12	31650000	31660000	12	32670000	32680000
12	56190000	56200000	12	56460000	56470000
12	56750000	56760000	12	57070000	57080000
12	56760000	56770000	12	56990000	57000000
12	57290000	57300000	12	57450000	57460000
12	60680000	60690000	12	62190000	62200000
12	63830000	63840000	12	64390000	64400000
12	68340000	68350000	12	68680000	68690000
12	71770000	71780000	12	71930000	71940000
12	38670000	38680000	12	38900000	38910000
12	39760000	39770000	12	40100000	40110000
12	40010000	40020000	12	40100000	40110000
12	50820000	50830000	12	51340000	51350000
12	51040000	51050000	12	51340000	51350000
12	52150000	52160000	12	52320000	52330000
12	53540000	53550000	12	53670000	53680000
12	55740000	55750000	12	55930000	55940000
12	55810000	55820000	12	55930000	55940000
12	570000	580000	12	1590000	1600000
12	810000	820000	12	1590000	1600000
12	900000	910000	12	1590000	1600000
12	4100000	4110000	12	4270000	4280000
12	6420000	6430000	12	6530000	6540000
12	11650000	11660000	12	12710000	12720000
12	12370000	12380000	12	12710000	12720000
12	13100000	13110000	12	13190000	13200000
12	14250000	14260000	12	14360000	14370000
12	84870000	84880000	12	85030000	85040000
12	85450000	85460000	12	85870000	85880000
12	89020000	89030000	12	89520000	89530000
1	241520000	241530000	1	241840000	241850000
12	101930000	101940000	12	102480000	102490000
12	102090000	102100000	12	102480000	102490000
12	105420000	105430000	12	106130000	106140000
12	108550000	108560000	12	109090000	109100000
12	117870000	117880000	12	118130000	118140000
12	118180000	118190000	12	118370000	118380000
12	120640000	120650000	12	120970000	120980000
12	120720000	120730000	12	120970000	120980000
12	122630000	122640000	12	122750000	122760000
12	122970000	122980000	12	123230000	123240000
12	123260000	123270000	12	123600000	123610000
12	128760000	128770000	12	129900000	129910000
12	128970000	128980000	12	129900000	129910000
12	130040000	130050000	12	130330000	130340000
13	60450000	60460000	13	61410000	61420000
13	60620000	60630000	13	61410000	61420000
13	39410000	39420000	13	39600000	39610000
13	42970000	42980000	13	43870000	43880000
13	19980000	19990000	13	20160000	20170000
13	50810000	50820000	13	50900000	50910000
13	23390000	23400000	13	23880000	23890000
13	51450000	51460000	13	51580000	51590000
1	219830000	219840000	1	220780000	220790000
13	23470000	23480000	13	23880000	23890000
13	25820000	25830000	13	26050000	26060000
1	219990000	220000000	1	220780000	220790000
13	28310000	28320000	13	28650000	28660000
13	75370000	75380000	13	75540000	75550000
13	104770000	104780000	13	106530000	106540000
14	52820000	52830000	14	52950000	52960000
14	20320000	20330000	14	20680000	20690000
14	21010000	21020000	14	21100000	21110000
14	21240000	21250000	14	21380000	21390000
14	23470000	23480000	14	23550000	23560000
1	224500000	224510000	1	225420000	225430000
14	58230000	58240000	14	59480000	59490000
1	224510000	224520000	1	224920000	224930000
14	64010000	64020000	14	64290000	64300000
14	69240000	69250000	14	69570000	69580000
1	225990000	226000000	1	226060000	226070000
14	92120000	92130000	14	92790000	92800000
14	100280000	100290000	14	100370000	100380000
14	101960000	101970000	14	102310000	102320000
14	102060000	102070000	14	102310000	102320000
14	105370000	105380000	14	105520000	105530000
14	75700000	75710000	14	76370000	76380000
14	75710000	75720000	14	75980000	75990000
14	87940000	87950000	14	88380000	88390000
14	88190000	88200000	14	88380000	88390000
14	89170000	89180000	14	89410000	89420000
15	25510000	25520000	15	26860000	26870000
15	33740000	33750000	15	33960000	33970000
15	34080000	34090000	15	34210000	34220000
15	36880000	36890000	15	37100000	37110000
15	38810000	38820000	15	39580000	39590000
15	39120000	39130000	15	39580000	39590000
15	39790000	39800000	15	39930000	39940000
15	42700000	42710000	15	43200000	43210000
15	44580000	44590000	15	45110000	45120000
15	45160000	45170000	15	45400000	45410000
15	61870000	61880000	15	62060000	62070000
15	64200000	64210000	15	64350000	64360000
15	65620000	65630000	15	66290000	66300000
15	66360000	66370000	15	66490000	66500000
15	75030000	75040000	15	75200000	75210000
15	77960000	77970000	15	78230000	78240000
15	78110000	78120000	15	78230000	78240000
1	37880000	37890000	1	38000000	38010000
15	80450000	80460000	15	80770000	80780000
15	90630000	90640000	15	90880000	90890000
15	92800000	92810000	15	92900000	92910000
15	101090000	101100000	15	101250000	101260000
16	47030000	47040000	16	48150000	48160000
16	47130000	47140000	16	48150000	48160000
16	54280000	54290000	16	54930000	54940000
16	21990000	22000000	16	22290000	22300000
16	24060000	24070000	16	24250000	24260000
2	1880000	1890000	2	3650000	3660000
16	27690000	27700000	16	28060000	28070000
16	30070000	30080000	16	30390000	30400000
16	30430000	30440000	16	30610000	30620000
16	30970000	30980000	16	31440000	31450000
16	57570000	57580000	16	58000000	58010000
16	57750000	57760000	16	58000000	58010000
16	66970000	66980000	16	67160000	67170000
16	68530000	68540000	16	69290000	69300000
16	72500000	72510000	16	73040000	73050000
16	110000	120000	16	350000	360000
16	2010000	2020000	16	2510000	2520000
16	8660000	8670000	16	8880000	8890000
16	10960000	10970000	16	11520000	11530000
16	10970000	10980000	16	11250000	11260000
16	19590000	19600000	16	19880000	19890000
16	74700000	74710000	16	75110000	75120000
16	75640000	75650000	16	77190000	77200000
16	77220000	77230000	16	78090000	78100000
16	78120000	78130000	16	79600000	79610000
16	78500000	78510000	16	79600000	79610000
16	83950000	83960000	16	84180000	84190000
16	86070000	86080000	16	86510000	86520000
16	87580000	87590000	16	87760000	87770000
16	88730000	88740000	16	89200000	89210000
17	32780000	32790000	17	32990000	33000000
17	34190000	34200000	17	34360000	34370000
17	34410000	34420000	17	35120000	35130000
17	34540000	34550000	17	35120000	35130000
17	35160000	35170000	17	35530000	35540000
17	35310000	35320000	17	35530000	35540000
17	1360000	1370000	17	1510000	1520000
17	1660000	1670000	17	2030000	2040000
17	1900000	1910000	17	2020000	2030000
2	7420000	7430000	2	8680000	8690000
17	5240000	5250000	17	6430000	6440000
17	6460000	6470000	17	6640000	6650000
17	7040000	7050000	17	7290000	7300000
17	7740000	7750000	17	8030000	8040000
17	8400000	8410000	17	8750000	8760000
17	8570000	8580000	17	8740000	8750000
17	12010000	12020000	17	13010000	13020000
17	12170000	12180000	17	13010000	13020000
2	9810000	9820000	2	10040000	10050000
17	15250000	15260000	17	15990000	16000000
17	17670000	17680000	17	18030000	18040000
17	38980000	38990000	17	39150000	39160000
17	39270000	39280000	17	39400000	39410000
17	40010000	40020000	17	40280000	40290000
17	40010000	40020000	17	40170000	40180000
17	40320000	40330000	17	41680000	41690000
17	41960000	41970000	17	42110000	42120000
17	44200000	44210000	17	44340000	44350000
17	48020000	48030000	17	48610000	48620000
17	48330000	48340000	17	48600000	48610000
17	49560000	49570000	17	49990000	50000000
17	49570000	49580000	17	49840000	49850000
17	49860000	49870000	17	49990000	50000000
17	51000000	51010000	17	51150000	51160000
17	62700000	62710000	17	62960000	62970000
17	63430000	63440000	17	63600000	63610000
17	63900000	63910000	17	64020000	64030000
17	63900000	63910000	17	64130000	64140000
17	68050000	68060000	17	68450000	68460000
17	68180000	68190000	17	68450000	68460000
17	72560000	72570000	17	73160000	73170000
17	72720000	72730000	17	73160000	73170000
17	74370000	74380000	17	74460000	74470000
17	74370000	74380000	17	74530000	74540000
17	75310000	75320000	17	75400000	75410000
18	2930000	2940000	18	3240000	3250000
18	2990000	3000000	18	3240000	3250000
18	3280000	3290000	18	3450000	3460000
18	9960000	9970000	18	10520000	10530000
18	42110000	42120000	18	43270000	43280000
18	42590000	42600000	18	43270000	43280000
18	45670000	45680000	18	46070000	46080000
18	45940000	45950000	18	46070000	46080000
18	46150000	46160000	18	46650000	46660000
18	61630000	61640000	18	61890000	61900000
18	63130000	63140000	18	63310000	63320000
18	70920000	70930000	18	72540000	72550000
18	32280000	32290000	18	32470000	32480000
1	3480000	3490000	1	3620000	3630000
19	37900000	37910000	19	38220000	38230000
19	38240000	38250000	19	38330000	38340000
19	39120000	39130000	19	39320000	39330000
19	41440000	41450000	19	41570000	41580000
19	42100000	42110000	19	42420000	42430000
19	46390000	46400000	19	46490000	46500000
19	50350000	50360000	19	50470000	50480000
19	50350000	50360000	19	50790000	50800000
19	50530000	50540000	19	50780000	50790000
19	50700000	50710000	19	50780000	50790000
19	54480000	54490000	19	54660000	54670000
19	55510000	55520000	19	55620000	55630000
19	1110000	1120000	19	1200000	1210000
19	3300000	3310000	19	3700000	3710000
19	7090000	7100000	19	7680000	7690000
19	7140000	7150000	19	7340000	7350000
19	8600000	8610000	19	9080000	9090000
19	12560000	12570000	19	12660000	12670000
19	13880000	13890000	19	14070000	14080000
19	15620000	15630000	19	16190000	16200000
19	16770000	16780000	19	17280000	17290000
19	19530000	19540000	19	19640000	19650000
19	56080000	56090000	19	56170000	56180000
20	23440000	23450000	20	23600000	23610000
20	25290000	25300000	20	25390000	25400000
2	23820000	23830000	2	24070000	24080000
20	4610000	4620000	20	4720000	4730000
20	5540000	5550000	20	6000000	6010000
20	13120000	13130000	20	13780000	13790000
20	39260000	39270000	20	40680000	40690000
20	39880000	39890000	20	40680000	40690000
20	40160000	40170000	20	40680000	40690000
20	40260000	40270000	20	40680000	40690000
20	41730000	41740000	20	43180000	43190000
20	41950000	41960000	20	43180000	43190000
20	44210000	44220000	20	44310000	44320000
2	26960000	26970000	2	27280000	27290000
20	46520000	46530000	20	46680000	46690000
20	50790000	50800000	20	50930000	50940000
20	54670000	54680000	20	56240000	56250000
1	41570000	41580000	1	42160000	42170000
2	27950000	27960000	2	28390000	28400000
20	57380000	57390000	20	57490000	57500000
20	59940000	59950000	20	61250000	61260000
20	60050000	60060000	20	61250000	61260000
20	62000000	62010000	20	62140000	62150000
20	62190000	62200000	20	62380000	62390000
20	62300000	62310000	20	62800000	62810000
20	62400000	62410000	20	62800000	62810000
20	62490000	62500000	20	62790000	62800000
20	62660000	62670000	20	62790000	62800000
20	63530000	63540000	20	63960000	63970000
21	37690000	37700000	21	37910000	37920000
1	42570000	42580000	1	42740000	42750000
21	46550000	46560000	21	46630000	46640000
22	21700000	21710000	22	21950000	21960000
22	26680000	26690000	22	27800000	27810000
22	27400000	27410000	22	27800000	27810000
22	29630000	29640000	22	30080000	30090000
22	30110000	30120000	22	30260000	30270000
22	30280000	30290000	22	30380000	30390000
22	31970000	31980000	22	32470000	32480000
22	38050000	38060000	22	38570000	38580000
22	39160000	39170000	22	39310000	39320000
22	39530000	39540000	22	40340000	40350000
22	41690000	41700000	22	41940000	41950000
22	41970000	41980000	22	42550000	42560000
22	45270000	45280000	22	45970000	45980000
22	45580000	45590000	22	45970000	45980000
22	45640000	45650000	22	45970000	45980000
22	45730000	45740000	22	45970000	45980000
22	46360000	46370000	22	46530000	46540000
22	46810000	46820000	22	48480000	48490000
22	49770000	49780000	22	50200000	50210000
22	50260000	50270000	22	50340000	50350000
X	56270000	56280000	X	56720000	56730000
X	57580000	57590000	X	57910000	57920000
X	23750000	23760000	X	23900000	23910000
X	48080000	48090000	X	48470000	48480000
X	6020000	6030000	X	7920000	7930000
X	7990000	8000000	X	8730000	8740000
X	13660000	13670000	X	14020000	14030000
X	13760000	13770000	X	14020000	14030000
X	13890000	13900000	X	14020000	14030000
X	14070000	14080000	X	14520000	14530000
X	77910000	77920000	X	78100000	78110000
2	58610000	58620000	2	60550000	60560000
2	58700000	58710000	2	60550000	60560000
X	100510000	100520000	X	100640000	100650000
X	107650000	107660000	X	107770000	107780000
X	131850000	131860000	X	132210000	132220000
X	136020000	136030000	X	136250000	136260000
X	151150000	151160000	X	152630000	152640000
X	151740000	151750000	X	152630000	152640000
1	43530000	43540000	1	43930000	43940000
2	69900000	69910000	2	70290000	70300000
1	45010000	45020000	1	45490000	45500000
2	71540000	71550000	2	72140000	72150000
2	42820000	42830000	2	43590000	43600000
2	42950000	42960000	2	43220000	43230000
2	44050000	44060000	2	44940000	44950000
2	44480000	44490000	2	44940000	44950000
2	47430000	47440000	2	47780000	47790000
2	101020000	101030000	2	101150000	101160000
2	85650000	85660000	2	86100000	86110000
2	136370000	136380000	2	136110000	136120000
2	156570000	156580000	2	156330000	156340000
2	157470000	157480000	2	157320000	157330000
2	162300000	162310000	2	162150000	162160000
2	190070000	190080000	2	189660000	189670000
2	190060000	190070000	2	189780000	189790000
2	198120000	198130000	2	197800000	197810000
2	198290000	198300000	2	197800000	197810000
2	200700000	200710000	2	200580000	200590000
2	209560000	209570000	2	209420000	209430000
2	166110000	166120000	2	165950000	165960000
2	171410000	171420000	2	171160000	171170000
2	176550000	176560000	2	176120000	176130000
2	177140000	177150000	2	176120000	176130000
2	178410000	178420000	2	178110000	178120000
2	218380000	218390000	2	218290000	218300000
2	219140000	219150000	2	219040000	219050000
2	219300000	219310000	2	219040000	219050000
2	219290000	219300000	2	219160000	219170000
2	227760000	227770000	2	227470000	227480000
2	240140000	240150000	2	240050000	240060000
2	240440000	240450000	2	240050000	240060000
1	62740000	62750000	1	62430000	62440000
3	14770000	14780000	3	14670000	14680000
3	15400000	15410000	3	15200000	15210000
3	17230000	17240000	3	16600000	16610000
3	17400000	17410000	3	16600000	16610000
3	17840000	17850000	3	16600000	16610000
3	39280000	39290000	3	39100000	39110000
3	39280000	39290000	3	39190000	39200000
1	6460000	6470000	1	6240000	6250000
3	46070000	46080000	3	45940000	45950000
3	46370000	46380000	3	45940000	45950000
3	46890000	46900000	3	46700000	46710000
3	47350000	47360000	3	46700000	46710000
3	50540000	50550000	3	50350000	50360000
3	51670000	51680000	3	51390000	51400000
3	51670000	51680000	3	51500000	51510000
3	51800000	51810000	3	51500000	51510000
3	52330000	52340000	3	52220000	52230000
3	58160000	58170000	3	58000000	58010000
3	63980000	63990000	3	63860000	63870000
3	20170000	20180000	3	20040000	20050000
3	32930000	32940000	3	32500000	32510000
3	33060000	33070000	3	32950000	32960000
3	33370000	33380000	3	32950000	32960000
3	37770000	37780000	3	37450000	37460000
3	133580000	133590000	3	132720000	132730000
3	134480000	134490000	3	132720000	132730000
3	133800000	133810000	3	132720000	132730000
3	135890000	135900000	3	134790000	134800000
3	136030000	136040000	3	134790000	134800000
3	138910000	138920000	3	138590000	138600000
3	139330000	139340000	3	138590000	138600000
3	138690000	138700000	3	138600000	138610000
3	139320000	139330000	3	138940000	138950000
3	140860000	140870000	3	139930000	139940000
3	112980000	112990000	3	112640000	112650000
3	113280000	113290000	3	112640000	112650000
1	71060000	71070000	1	70220000	70230000
3	122250000	122260000	3	121540000	121550000
3	122670000	122680000	3	122560000	122570000
3	149260000	149270000	3	149120000	149130000
3	155700000	155710000	3	154320000	154330000
3	170360000	170370000	3	169760000	169770000
3	170680000	170690000	3	170410000	170420000
3	177350000	177360000	3	177190000	177200000
1	23270000	23280000	1	22970000	22980000
3	184530000	184540000	3	184370000	184380000
1	23400000	23410000	1	22970000	22980000
1	23180000	23190000	1	23090000	23100000
3	186810000	186820000	3	186610000	186620000
3	187160000	187170000	3	186840000	186850000
3	188430000	188440000	3	187740000	187750000
3	188580000	188590000	3	187740000	187750000
3	188750000	188760000	3	187740000	187750000
3	188790000	188800000	3	187740000	187750000
3	194310000	194320000	3	194130000	194140000
3	195260000	195270000	3	194670000	194680000
3	195100000	195110000	3	194680000	194690000
4	6870000	6880000	4	6710000	6720000
4	7720000	7730000	4	7190000	7200000
4	7790000	7800000	4	7190000	7200000
4	8400000	8410000	4	8260000	8270000
4	26990000	27000000	4	26860000	26870000
4	67630000	67640000	4	67550000	67560000
4	67900000	67910000	4	67550000	67560000
4	71710000	71720000	4	70590000	70600000
4	72300000	72310000	4	70660000	70670000
4	71000000	71010000	4	70830000	70840000
4	40900000	40910000	4	40740000	40750000
4	48950000	48960000	4	48130000	48140000
1	30920000	30930000	1	30720000	30730000
4	55860000	55870000	4	55340000	55350000
4	99400000	99410000	4	98140000	98150000
4	99800000	99810000	4	99560000	99570000
4	99880000	99890000	4	99560000	99570000
4	99940000	99950000	4	99560000	99570000
4	105460000	105470000	4	105140000	105150000
4	106890000	106900000	4	106360000	106370000
4	74650000	74660000	4	74360000	74370000
4	76060000	76070000	4	75900000	75910000
4	76070000	76080000	4	75990000	76000000
1	35290000	35300000	1	34780000	34790000
4	140240000	140250000	4	140150000	140160000
1	35720000	35730000	1	35570000	35580000
1	37680000	37690000	1	37590000	37600000
4	123650000	123660000	4	123390000	123400000
4	126400000	126410000	4	125310000	125320000
4	126600000	126610000	4	125310000	125320000
4	153570000	153580000	4	153340000	153350000
4	153750000	153760000	4	153340000	153350000
4	155360000	155370000	4	154550000	154560000
4	159190000	159200000	4	158720000	158730000
4	159440000	159450000	4	158720000	158730000
4	186590000	186600000	4	186060000	186070000
4	164010000	164020000	4	163470000	163480000
4	170040000	170050000	4	169610000	169620000
4	177040000	177050000	4	176790000	176800000
4	177330000	177340000	4	176790000	176800000
5	33400000	33410000	5	32710000	32720000
5	34460000	34470000	5	33440000	33450000
5	36400000	36410000	5	36060000	36070000
5	1630000	1640000	5	1340000	1350000
5	5410000	5420000	5	5140000	5150000
5	6740000	6750000	5	5140000	5150000
5	6720000	6730000	5	5420000	5430000
5	10620000	10630000	5	10440000	10450000
5	18110000	18120000	5	17210000	17220000
5	18300000	18310000	5	17210000	17220000
5	38180000	38190000	5	37840000	37850000
5	54850000	54860000	5	54510000	54520000
5	55150000	55160000	5	54510000	54520000
5	93800000	93810000	5	93580000	93590000
5	93910000	93920000	5	93580000	93590000
1	93830000	93840000	1	93440000	93450000
5	75680000	75690000	5	75050000	75060000
5	76250000	76260000	5	75050000	75060000
5	80070000	80080000	5	79680000	79690000
5	81840000	81850000	5	81750000	81760000
5	85040000	85050000	5	83720000	83730000
5	116060000	116070000	5	115840000	115850000
5	127440000	127450000	5	127290000	127300000
5	131260000	131270000	5	131170000	131180000
5	139960000	139970000	5	139790000	139800000
5	141380000	141390000	5	140790000	140800000
5	141550000	141560000	5	141210000	141220000
5	141550000	141560000	5	141340000	141350000
5	141550000	141560000	5	141420000	141430000
5	141960000	141970000	5	141680000	141690000
5	142140000	142150000	5	141680000	141690000
5	143810000	143820000	5	143400000	143410000
5	153960000	153970000	5	153490000	153500000
5	163340000	163350000	5	161540000	161550000
5	163400000	163410000	5	161540000	161550000
5	170210000	170220000	5	170100000	170110000
5	170630000	170640000	5	170230000	170240000
5	171900000	171910000	5	171410000	171420000
5	173970000	173980000	5	173610000	173620000
5	174310000	174320000	5	173610000	173620000
6	71010000	71020000	6	70300000	70310000
6	73120000	73130000	6	72620000	72630000
6	2100000	2110000	6	1600000	1610000
6	2190000	2200000	6	1600000	1610000
6	2350000	2360000	6	1600000	1610000
6	2630000	2640000	6	1600000	1610000
6	2930000	2940000	6	2840000	2850000
6	4010000	4020000	6	2990000	3000000
6	8000000	8010000	6	7720000	7730000
6	8050000	8060000	6	7720000	7730000
6	12600000	12610000	6	12290000	12300000
1	2380000	2390000	1	2190000	2200000
6	42050000	42060000	6	41780000	41790000
6	42190000	42200000	6	41780000	41790000
6	51840000	51850000	6	50810000	50820000
6	51950000	51960000	6	50810000	50820000
6	52020000	52030000	6	50810000	50820000
6	52250000	52260000	6	50810000	50820000
6	52390000	52400000	6	52280000	52290000
6	52660000	52670000	6	52280000	52290000
1	84420000	84430000	1	84140000	84150000
1	84620000	84630000	1	84140000	84150000
6	20520000	20530000	6	20400000	20410000
1	84920000	84930000	1	84140000	84150000
6	27140000	27150000	6	26030000	26040000
6	27880000	27890000	6	26030000	26040000
6	27140000	27150000	6	26180000	26190000
6	27820000	27830000	6	26210000	26220000
6	27880000	27890000	6	27140000	27150000
6	30590000	30600000	6	30480000	30490000
6	31360000	31370000	6	31130000	31140000
6	32700000	32710000	6	32430000	32440000
6	36360000	36370000	6	36020000	36030000
6	37200000	37210000	6	36880000	36890000
6	79230000	79240000	6	79070000	79080000
6	79530000	79540000	6	79070000	79080000
6	80090000	80100000	6	79940000	79950000
6	89600000	89610000	6	89430000	89440000
6	90380000	90390000	6	90290000	90300000
1	86720000	86730000	1	86390000	86400000
6	119970000	119980000	6	119340000	119350000
6	121840000	121850000	6	121430000	121440000
6	124850000	124860000	6	123800000	123810000
6	125110000	125120000	6	123800000	123810000
6	125970000	125980000	6	125300000	125310000
6	132140000	132150000	6	131950000	131960000
6	133540000	133550000	6	132530000	132540000
6	136530000	136540000	6	135490000	135500000
1	89450000	89460000	1	88990000	89000000
6	139920000	139930000	6	139370000	139380000
6	140440000	140450000	6	139370000	139380000
6	140910000	140920000	6	139370000	139380000
6	100460000	100470000	6	99600000	99610000
6	148940000	148950000	6	148740000	148750000
6	152980000	152990000	6	151390000	151400000
6	157050000	157060000	6	155310000	155320000
6	157600000	157610000	6	157320000	157330000
6	157660000	157670000	6	157320000	157330000
6	157870000	157880000	6	157320000	157330000
6	160450000	160460000	6	159690000	159700000
1	153220000	153230000	1	152870000	152880000
7	2340000	2350000	7	1570000	1580000
1	153490000	153500000	1	153350000	153360000
7	6930000	6940000	7	6590000	6600000
7	12490000	12500000	7	11830000	11840000
7	40040000	40050000	7	39950000	39960000
7	43700000	43710000	7	43580000	43590000
7	44920000	44930000	7	44580000	44590000
7	45120000	45130000	7	44580000	44590000
7	45120000	45130000	7	44970000	44980000
7	47170000	47180000	7	45920000	45930000
7	51150000	51160000	7	50090000	50100000
7	50670000	50680000	7	50090000	50100000
7	51060000	51070000	7	50090000	50100000
7	26350000	26360000	7	26200000	26210000
7	27770000	27780000	7	27200000	27210000
7	27920000	27930000	7	27200000	27210000
1	161370000	161380000	1	161210000	161220000
7	111720000	111730000	7	111090000	111100000
1	163170000	163180000	1	162860000	162870000
7	121080000	121090000	7	120980000	120990000
7	94080000	94090000	7	93900000	93910000
7	100860000	100870000	7	100100000	100110000
7	100560000	100570000	7	100460000	100470000
7	100850000	100860000	7	100460000	100470000
7	100850000	100860000	7	100580000	100590000
7	100840000	100850000	7	100700000	100710000
7	101060000	101070000	7	100890000	100900000
7	102230000	102240000	7	101810000	101820000
7	107870000	107880000	7	107740000	107750000
7	74030000	74040000	7	73860000	73870000
1	182780000	182790000	1	182600000	182610000
1	183910000	183920000	1	183650000	183660000
7	89610000	89620000	7	88790000	88800000
7	90420000	90430000	7	88790000	88800000
7	130750000	130760000	7	130070000	130080000
7	134950000	134960000	7	134520000	134530000
7	139990000	140000000	7	139770000	139780000
7	140320000	140330000	7	140170000	140180000
7	142180000	142190000	7	141970000	141980000
8	42800000	42810000	8	42690000	42700000
8	43070000	43080000	8	42690000	42700000
8	43690000	43700000	8	43090000	43100000
8	43440000	43450000	8	43090000	43100000
8	51520000	51530000	8	49910000	49920000
1	193020000	193030000	1	192800000	192810000
1	194290000	194300000	1	193180000	193190000
1	3420000	3430000	1	2410000	2420000
8	24200000	24210000	8	23850000	23860000
8	24420000	24430000	8	23850000	23860000
8	27590000	27600000	8	27310000	27320000
8	31100000	31110000	8	30910000	30920000
8	31180000	31190000	8	30910000	30920000
8	56920000	56930000	8	56440000	56450000
1	200800000	200810000	1	200620000	200630000
1	201970000	201980000	1	201530000	201540000
8	78920000	78930000	8	78510000	78520000
8	80020000	80030000	8	79760000	79770000
8	80220000	80230000	8	80080000	80090000
8	80590000	80600000	8	80080000	80090000
8	89610000	89620000	8	88320000	88330000
8	89680000	89690000	8	88320000	88330000
8	90940000	90950000	8	90000000	90010000
8	90570000	90580000	8	90000000	90010000
8	95250000	95260000	8	94940000	94950000
1	202710000	202720000	1	202340000	202350000
8	99350000	99360000	8	98940000	98950000
8	100540000	100550000	8	100140000	100150000
8	100820000	100830000	8	100140000	100150000
8	100290000	100300000	8	100150000	100160000
8	102800000	102810000	8	102650000	102660000
1	204130000	204140000	1	203860000	203870000
1	204370000	204380000	1	203860000	203870000
8	124450000	124460000	8	123270000	123280000
8	129570000	129580000	8	127730000	127740000
1	206980000	206990000	1	206610000	206620000
8	133440000	133450000	8	132860000	132870000
8	133880000	133890000	8	133570000	133580000
1	207400000	207410000	1	207080000	207090000
8	142460000	142470000	8	141500000	141510000
8	143040000	143050000	8	142660000	142670000
8	143050000	143060000	8	142780000	142790000
8	144230000	144240000	8	144130000	144140000
1	209680000	209690000	1	209580000	209590000
9	32570000	32580000	9	32380000	32390000
9	32970000	32980000	9	32380000	32390000
9	35470000	35480000	9	34890000	34900000
9	35560000	35570000	9	34890000	34900000
9	37130000	37140000	9	37030000	37040000
9	5590000	5600000	9	5180000	5190000
1	211650000	211660000	1	211320000	211330000
1	211480000	211490000	1	211320000	211330000
9	89920000	89930000	9	89600000	89610000
9	113660000	113670000	9	113270000	113280000
9	113400000	113410000	9	113300000	113310000
9	114290000	114300000	9	114090000	114100000
9	114280000	114290000	9	114150000	114160000
9	124850000	124860000	9	124770000	124780000
9	125370000	125380000	9	124770000	124780000
9	125360000	125370000	9	125240000	125250000
9	127890000	127900000	9	127770000	127780000
9	129610000	129620000	9	129130000	129140000
9	132970000	132980000	9	132410000	132420000
9	134000000	134010000	9	133520000	133530000
9	133720000	133730000	9	133530000	133540000
9	136110000	136120000	9	135960000	135970000
9	137220000	137230000	9	137110000	137120000
9	98030000	98040000	9	97920000	97930000
9	98260000	98270000	9	97920000	97930000
9	98780000	98790000	9	97920000	97930000
9	108760000	108770000	9	107480000	107490000
10	52480000	52490000	10	52310000	52320000
10	5410000	5420000	10	4820000	4830000
10	62020000	62030000	10	61900000	61910000
10	62240000	62250000	10	61900000	61910000
10	68300000	68310000	10	67690000	67700000
10	69200000	69210000	10	68980000	68990000
10	71570000	71580000	10	71310000	71320000
10	71700000	71710000	10	71310000	71320000
10	71810000	71820000	10	71310000	71320000
10	22230000	22240000	10	22000000	22010000
10	22320000	22330000	10	22000000	22010000
10	22420000	22430000	10	22000000	22010000
10	34630000	34640000	10	33330000	33340000
10	35210000	35220000	10	35120000	35130000
10	36870000	36880000	10	35120000	35130000
10	88390000	88400000	10	87860000	87870000
10	89560000	89570000	10	89250000	89260000
10	110890000	110900000	10	110300000	110310000
10	119420000	119430000	10	119200000	119210000
10	128000000	128010000	10	127900000	127910000
10	128070000	128080000	10	127900000	127910000
10	95840000	95850000	10	95690000	95700000
10	100430000	100440000	10	100330000	100340000
10	103240000	103250000	10	102910000	102920000
11	57640000	57650000	11	57560000	57570000
11	58510000	58520000	11	57750000	57760000
11	59430000	59440000	11	59170000	59180000
11	62100000	62110000	11	61790000	61800000
11	62090000	62100000	11	61890000	61900000
11	62550000	62560000	11	62410000	62420000
11	64150000	64160000	11	63830000	63840000
11	70190000	70200000	11	69700000	69710000
11	2000000	2010000	11	1830000	1840000
11	4070000	4080000	11	3840000	3850000
11	5000000	5010000	11	4630000	4640000
11	4820000	4830000	11	4630000	4640000
11	6680000	6690000	11	6600000	6610000
11	14890000	14900000	11	14520000	14530000
11	17500000	17510000	11	17380000	17390000
11	22780000	22790000	11	22330000	22340000
11	29330000	29340000	11	27500000	27510000
11	28520000	28530000	11	27700000	27710000
11	33330000	33340000	11	33160000	33170000
11	35390000	35400000	11	34510000	34520000
11	36130000	36140000	11	35610000	35620000
11	36260000	36270000	11	35610000	35620000
11	36490000	36500000	11	35610000	35620000
11	36480000	36490000	11	36290000	36300000
11	36740000	36750000	11	36560000	36570000
11	77540000	77550000	11	77120000	77130000
11	78560000	78570000	11	78410000	78420000
11	83250000	83260000	11	82900000	82910000
11	86280000	86290000	11	85850000	85860000
11	113530000	113540000	11	112220000	112230000
11	112550000	112560000	11	112220000	112230000
11	117110000	117120000	11	116790000	116800000
11	117940000	117950000	11	117820000	117830000
11	118050000	118060000	11	117820000	117830000
11	118960000	118970000	11	118670000	118680000
11	121110000	121120000	11	120510000	120520000
11	121570000	121580000	11	121450000	121460000
11	122750000	122760000	11	122650000	122660000
1	179810000	179820000	1	179080000	179090000
11	126470000	126480000	11	126300000	126310000
11	126980000	126990000	11	126300000	126310000
1	179360000	179370000	1	179080000	179090000
11	107680000	107690000	11	107560000	107570000
11	107770000	107780000	11	107560000	107570000
11	107900000	107910000	11	107560000	107570000
11	108650000	108660000	11	108000000	108010000
11	108650000	108660000	11	108120000	108130000
1	180020000	180030000	1	179870000	179880000
11	108650000	108660000	11	108220000	108230000
12	27300000	27310000	12	27020000	27030000
12	32670000	32680000	12	31650000	31660000
12	57070000	57080000	12	56750000	56760000
12	56990000	57000000	12	56760000	56770000
12	57450000	57460000	12	57290000	57300000
12	57900000	57910000	12	57810000	57820000
1	181150000	181160000	1	181030000	181040000
12	66690000	66700000	12	66130000	66140000
12	68310000	68320000	12	68220000	68230000
12	43280000	43290000	12	42580000	42590000
12	49540000	49550000	12	49320000	49330000
12	49510000	49520000	12	49360000	49370000
1	237380000	237390000	1	236600000	236610000
12	50060000	50070000	12	49960000	49970000
12	50630000	50640000	12	50500000	50510000
12	51340000	51350000	12	51040000	51050000
12	51870000	51880000	12	51420000	51430000
12	55930000	55940000	12	55740000	55750000
12	55930000	55940000	12	55810000	55820000
12	2580000	2590000	12	2050000	2060000
12	3030000	3040000	12	2850000	2860000
12	3270000	3280000	12	3070000	3080000
12	8880000	8890000	12	8660000	8670000
12	9040000	9050000	12	8660000	8670000
12	10550000	10560000	12	10390000	10400000
12	13200000	13210000	12	13000000	13010000
12	13190000	13200000	12	13100000	13110000
12	14990000	15000000	12	14840000	14850000
12	75500000	75510000	12	75330000	75340000
12	76350000	76360000	12	75510000	75520000
12	83380000	83390000	12	82680000	82690000
12	94090000	94100000	12	93570000	93580000
1	241620000	241630000	1	241530000	241540000
12	100730000	100740000	12	100350000	100360000
12	101840000	101850000	12	101400000	101410000
12	103540000	103550000	12	102950000	102960000
12	108520000	108530000	12	107680000	107690000
12	108950000	108960000	12	108560000	108570000
12	109380000	109390000	12	109110000	109120000
12	110600000	110610000	12	110450000	110460000
12	111300000	111310000	12	110920000	110930000
12	113160000	113170000	12	113050000	113060000
12	117830000	117840000	12	117360000	117370000
12	120970000	120980000	12	120640000	120650000
12	120970000	120980000	12	120720000	120730000
12	122030000	122040000	12	121910000	121920000
1	246450000	246460000	1	245150000	245160000
12	123230000	123240000	12	122970000	122980000
12	124750000	124760000	12	124560000	124570000
12	125400000	125410000	12	125180000	125190000
1	246000000	246010000	1	245150000	245160000
12	126870000	126880000	12	125180000	125190000
13	40920000	40930000	13	40780000	40790000
13	20480000	20490000	13	20190000	20200000
13	20910000	20920000	13	20190000	20200000
13	51580000	51590000	13	51450000	51460000
13	36830000	36840000	13	36340000	36350000
13	36980000	36990000	13	36340000	36350000
13	36820000	36830000	13	36430000	36440000
1	221430000	221440000	1	220870000	220880000
1	223090000	223100000	1	222730000	222740000
14	54780000	54790000	14	54560000	54570000
14	54710000	54720000	14	54560000	54570000
14	24430000	24440000	14	24330000	24340000
1	224450000	224460000	1	224110000	224120000
14	57300000	57310000	14	55440000	55450000
14	59040000	59050000	14	58630000	58640000
14	62120000	62130000	14	61280000	61290000
14	65820000	65830000	14	65410000	65420000
14	65950000	65960000	14	65410000	65420000
1	226060000	226070000	1	225990000	226000000
14	71740000	71750000	14	71320000	71330000
14	92790000	92800000	14	92120000	92130000
14	101620000	101630000	14	100900000	100910000
14	101230000	101240000	14	100900000	100910000
14	102310000	102320000	14	101960000	101970000
14	103290000	103300000	14	103090000	103100000
1	19090000	19100000	1	18900000	18910000
14	104560000	104570000	14	104130000	104140000
14	75490000	75500000	14	75120000	75130000
14	75650000	75660000	14	75570000	75580000
14	77550000	77560000	14	77140000	77150000
14	80850000	80860000	14	80210000	80220000
14	81200000	81210000	14	80950000	80960000
14	90690000	90700000	14	90390000	90400000
15	38670000	38680000	15	38560000	38570000
15	40420000	40430000	15	40340000	40350000
15	47980000	47990000	15	47710000	47720000
1	233020000	233030000	1	232630000	232640000
1	233170000	233180000	1	232630000	232640000
15	56420000	56430000	15	56240000	56250000
1	233230000	233240000	1	232630000	232640000
15	65290000	65300000	15	65180000	65190000
15	66290000	66300000	15	65620000	65630000
15	71430000	71440000	15	71110000	71120000
15	74760000	74770000	15	74360000	74370000
15	89870000	89880000	15	89750000	89760000
15	90070000	90080000	15	89890000	89900000
1	234960000	234970000	1	234610000	234620000
15	98850000	98860000	15	98640000	98650000
15	101000000	101010000	15	100910000	100920000
15	101640000	101650000	15	101290000	101300000
16	46810000	46820000	16	46680000	46690000
16	50650000	50660000	16	50360000	50370000
16	53140000	53150000	16	53050000	53060000
16	53210000	53220000	16	53050000	53060000
2	1540000	1550000	2	950000	960000
16	54930000	54940000	16	54280000	54290000
16	23430000	23440000	16	23180000	23190000
16	30390000	30400000	16	30070000	30080000
16	30610000	30620000	16	30430000	30440000
16	31690000	31700000	16	31470000	31480000
16	57160000	57170000	16	56960000	56970000
16	58750000	58760000	16	58510000	58520000
16	69120000	69130000	16	68530000	68540000
16	69290000	69300000	16	68530000	68540000
16	69120000	69130000	16	68840000	68850000
16	340000	350000	16	220000	230000
16	1100000	1110000	16	710000	720000
16	2510000	2520000	16	2010000	2020000
16	3480000	3490000	16	3060000	3070000
16	14600000	14610000	16	13920000	13930000
16	75110000	75120000	16	74700000	74710000
16	75390000	75400000	16	75200000	75210000
16	75760000	75770000	16	75200000	75210000
16	77190000	77200000	16	75640000	75650000
16	84180000	84190000	16	83950000	83960000
16	84480000	84490000	16	83950000	83960000
16	84060000	84070000	16	83960000	83970000
16	87070000	87080000	16	86560000	86570000
16	87280000	87290000	16	86560000	86570000
17	28920000	28930000	17	28740000	28750000
17	690000	700000	17	410000	420000
17	2240000	2250000	17	2050000	2060000
17	7290000	7300000	17	7040000	7050000
17	9750000	9760000	17	9570000	9580000
17	17850000	17860000	17	17680000	17690000
17	19760000	19770000	17	19360000	19370000
17	40280000	40290000	17	40010000	40020000
17	40170000	40180000	17	40010000	40020000
2	10420000	10430000	2	10120000	10130000
17	42110000	42120000	17	41960000	41970000
17	42520000	42530000	17	42420000	42430000
17	49550000	49560000	17	49410000	49420000
17	49690000	49700000	17	49570000	49580000
17	49840000	49850000	17	49570000	49580000
17	56710000	56720000	17	56590000	56600000
17	56770000	56780000	17	56590000	56600000
17	57990000	58000000	17	57850000	57860000
2	11450000	11460000	2	11130000	11140000
17	67690000	67700000	17	67370000	67380000
17	67610000	67620000	17	67370000	67380000
18	13530000	13540000	18	13210000	13220000
18	13620000	13630000	18	13210000	13220000
18	14080000	14090000	18	13820000	13830000
18	45210000	45220000	18	44680000	44690000
18	51040000	51050000	18	50820000	50830000
18	62570000	62580000	18	62180000	62190000
18	62960000	62970000	18	62710000	62720000
18	23360000	23370000	18	23130000	23140000
19	32570000	32580000	19	32340000	32350000
19	33110000	33120000	19	32970000	32980000
19	33400000	33410000	19	33130000	33140000
19	35470000	35480000	19	35350000	35360000
19	38220000	38230000	19	37900000	37910000
2	20090000	20100000	2	20010000	20020000
19	38630000	38640000	19	38400000	38410000
19	39320000	39330000	19	39120000	39130000
19	41580000	41590000	19	41190000	41200000
19	41570000	41580000	19	41440000	41450000
19	41940000	41950000	19	41860000	41870000
19	45640000	45650000	19	45500000	45510000
19	46260000	46270000	19	46020000	46030000
19	51160000	51170000	19	51020000	51030000
19	51650000	51660000	19	51470000	51480000
19	730000	740000	19	580000	590000
19	1370000	1380000	19	1280000	1290000
2	20960000	20970000	2	20660000	20670000
19	2610000	2620000	19	2470000	2480000
2	21110000	21120000	2	20660000	20670000
19	9790000	9800000	19	9620000	9630000
19	10240000	10250000	19	9930000	9940000
19	14340000	14350000	19	14200000	14210000
19	14680000	14690000	19	14570000	14580000
19	15560000	15570000	19	15080000	15090000
2	21310000	21320000	2	21040000	21050000
19	16160000	16170000	19	16070000	16080000
19	19640000	19650000	19	19530000	19540000
19	19950000	19960000	19	19530000	19540000
20	23330000	23340000	20	23040000	23050000
20	37530000	37540000	20	37260000	37270000
20	2440000	2450000	20	2200000	2210000
20	8380000	8390000	20	8130000	8140000
20	15650000	15660000	20	14330000	14340000
20	15920000	15930000	20	14330000	14340000
20	38880000	38890000	20	38800000	38810000
20	44190000	44200000	20	43450000	43460000
20	44310000	44320000	20	44210000	44220000
20	48610000	48620000	20	47780000	47790000
20	50450000	50460000	20	50190000	50200000
20	50930000	50940000	20	50790000	50800000
20	61250000	61260000	20	59940000	59950000
20	61880000	61890000	20	59950000	59960000
20	62800000	62810000	20	62300000	62310000
20	62800000	62810000	20	62400000	62410000
20	63960000	63970000	20	63530000	63540000
21	27700000	27710000	21	26840000	26850000
21	31070000	31080000	21	30340000	30350000
21	40120000	40130000	21	39860000	39870000
21	43640000	43650000	21	42920000	42930000
21	44790000	44800000	21	44330000	44340000
21	45120000	45130000	21	44940000	44950000
22	20270000	20280000	22	20150000	20160000
22	24510000	24520000	22	24420000	24430000
22	30380000	30390000	22	30280000	30290000
22	31950000	31960000	22	31660000	31670000
22	36980000	36990000	22	36770000	36780000
22	38570000	38580000	22	38050000	38060000
22	40340000	40350000	22	39530000	39540000
22	41940000	41950000	22	41690000	41700000
22	42450000	42460000	22	41960000	41970000
22	42440000	42450000	22	42090000	42100000
22	50490000	50500000	22	50250000	50260000
22	50610000	50620000	22	50250000	50260000
22	50340000	50350000	22	50260000	50270000
2	36500000	36510000	2	36350000	36360000
X	69210000	69220000	X	68820000	68830000
X	69280000	69290000	X	68820000	68830000
X	69380000	69390000	X	68820000	68830000
2	36780000	36790000	2	36350000	36360000
X	45050000	45060000	X	44870000	44880000
X	51860000	51870000	X	51490000	51500000
2	56740000	56750000	2	56180000	56190000
2	57500000	57510000	2	56180000	56190000
X	78100000	78110000	X	77910000	77920000
X	79420000	79430000	X	78130000	78140000
X	102860000	102870000	X	102140000	102150000
X	109630000	109640000	X	109480000	109490000
X	112640000	112650000	X	111870000	111880000
1	43930000	43940000	1	43530000	43540000
2	64740000	64750000	2	64650000	64660000
2	69310000	69320000	2	68460000	68470000
2	70070000	70080000	2	69910000	69920000
2	70140000	70150000	2	69910000	69920000
1	45490000	45500000	1	45010000	45020000
2	41770000	41780000	2	40450000	40460000
2	96960000	96970000	2	96840000	96850000
2	109510000	109520000	2	109120000	109130000
2	74580000	74590000	2	74480000	74490000
2	85540000	85550000	2	85410000	85420000
2	120670000	120680000	2	120340000	120350000
2	128110000	128120000	2	127880000	127890000
