chr	start	end	targetChr	targetStart	targetEnd
2	237150000	237160000	2	237560000	237570000
2	238350000	238360000	2	240130000	240140000
2	240150000	240160000	2	240430000	240440000
2	240220000	240230000	2	240430000	240440000
3	37850000	37860000	3	38490000	38500000
3	39100000	39110000	3	39280000	39290000
3	39190000	39200000	3	39280000	39290000
3	39430000	39440000	3	40310000	40320000
3	46080000	46090000	3	46370000	46380000
1	41570000	41580000	1	42740000	42750000
1	42320000	42330000	1	42740000	42750000
3	11380000	11390000	3	11640000	11650000
3	15820000	15830000	3	16170000	16180000
3	62330000	62340000	3	63810000	63820000
3	62660000	62670000	3	63810000	63820000
3	72940000	72950000	3	73060000	73070000
1	45020000	45030000	1	45490000	45500000
3	98040000	98050000	3	98580000	98590000
1	46030000	46040000	1	46190000	46200000
3	122550000	122560000	3	122680000	122690000
3	128960000	128970000	3	129240000	129250000
3	132720000	132730000	3	134480000	134490000
3	142120000	142130000	3	143000000	143010000
3	169140000	169150000	3	169660000	169670000
3	179010000	179020000	3	179560000	179570000
3	183890000	183900000	3	184270000	184280000
3	185660000	185670000	3	186540000	186550000
3	185970000	185980000	3	186540000	186550000
3	185970000	185980000	3	186610000	186620000
3	186250000	186260000	3	186540000	186550000
3	193780000	193790000	3	194130000	194140000
1	53860000	53870000	1	54800000	54810000
4	1130000	1140000	4	1340000	1350000
4	3190000	3200000	4	3440000	3450000
4	12730000	12740000	4	13540000	13550000
4	15230000	15240000	4	15960000	15970000
1	54070000	54080000	1	54800000	54810000
4	38060000	38070000	4	38860000	38870000
4	39470000	39480000	4	39970000	39980000
4	40950000	40960000	4	41210000	41220000
4	53190000	53200000	4	54220000	54230000
4	73060000	73070000	4	73250000	73260000
4	21790000	21800000	4	22690000	22700000
4	22400000	22410000	4	22690000	22700000
4	142120000	142130000	4	142840000	142850000
1	21220000	21230000	1	22640000	22650000
4	78630000	78640000	4	78770000	78780000
4	80050000	80060000	4	80190000	80200000
4	86920000	86930000	4	87220000	87230000
4	87850000	87860000	4	87970000	87980000
4	108000000	108010000	4	109820000	109830000
4	109420000	109430000	4	109810000	109820000
4	110620000	110630000	4	112510000	112520000
4	112090000	112100000	4	112510000	112520000
4	121890000	121900000	4	122920000	122930000
1	24850000	24860000	1	25800000	25810000
4	154550000	154560000	4	155370000	155380000
1	25500000	25510000	1	25800000	25810000
5	2740000	2750000	5	3590000	3600000
5	40370000	40380000	5	40670000	40680000
5	40500000	40510000	5	40670000	40680000
5	56830000	56840000	5	58460000	58470000
5	56900000	56910000	5	58460000	58470000
5	57230000	57240000	5	58460000	58470000
5	57770000	57780000	5	58460000	58470000
5	61160000	61170000	5	61330000	61340000
5	62450000	62460000	5	63960000	63970000
5	64800000	64810000	5	65480000	65490000
5	64960000	64970000	5	65480000	65490000
5	73300000	73310000	5	73440000	73450000
5	33450000	33460000	5	34910000	34920000
5	35080000	35090000	5	35930000	35940000
5	112990000	113000000	5	113510000	113520000
5	102780000	102790000	5	103120000	103130000
5	131590000	131600000	5	132010000	132020000
5	131590000	131600000	5	132060000	132070000
5	135460000	135470000	5	135830000	135840000
5	137310000	137320000	5	138130000	138140000
5	137630000	137640000	5	138130000	138140000
5	137770000	137780000	5	138130000	138140000
5	141690000	141700000	5	141960000	141970000
5	143000000	143010000	5	143810000	143820000
5	143000000	143010000	5	144170000	144180000
5	143390000	143400000	5	143810000	143820000
5	168260000	168270000	5	169300000	169310000
5	168990000	169000000	5	169300000	169310000
5	171400000	171410000	5	172180000	172190000
5	171410000	171420000	5	172280000	172290000
5	150560000	150570000	5	150840000	150850000
5	157150000	157160000	5	157730000	157740000
5	157350000	157360000	5	157730000	157740000
1	116550000	116560000	1	117060000	117070000
6	3120000	3130000	6	3250000	3260000
6	5460000	5470000	6	6000000	6010000
6	12910000	12920000	6	13320000	13330000
6	39350000	39360000	6	41050000	41060000
1	77970000	77980000	1	78640000	78650000
6	39980000	39990000	6	41040000	41050000
6	41360000	41370000	6	41770000	41780000
6	41360000	41370000	6	42050000	42060000
6	41780000	41790000	6	42210000	42220000
6	42660000	42670000	6	42870000	42880000
6	46420000	46430000	6	47040000	47050000
6	47090000	47100000	6	47300000	47310000
6	52410000	52420000	6	53060000	53070000
6	26030000	26040000	6	27140000	27150000
6	26030000	26040000	6	27820000	27830000
1	84940000	84950000	1	85250000	85260000
6	26190000	26200000	6	27140000	27150000
6	26200000	26210000	6	27820000	27830000
6	26310000	26320000	6	27130000	27140000
6	27140000	27150000	6	27890000	27900000
6	28680000	28690000	6	29580000	29590000
6	33760000	33770000	6	34140000	34150000
6	35300000	35310000	6	35450000	35460000
6	36610000	36620000	6	37000000	37010000
6	36760000	36770000	6	37000000	37010000
6	37480000	37490000	6	37690000	37700000
6	73710000	73720000	6	75600000	75610000
6	73850000	73860000	6	75200000	75210000
6	80600000	80610000	6	81750000	81760000
6	82260000	82270000	6	83510000	83520000
6	83210000	83220000	6	84220000	84230000
6	83220000	83230000	6	83510000	83520000
6	83410000	83420000	6	83510000	83520000
6	88980000	88990000	6	89350000	89360000
6	93030000	93040000	6	93410000	93420000
6	106590000	106600000	6	106970000	106980000
6	109190000	109200000	6	109380000	109390000
1	88980000	88990000	1	89990000	90000000
6	116250000	116260000	6	116660000	116670000
6	116280000	116290000	6	116540000	116550000
6	125300000	125310000	6	127110000	127120000
1	89790000	89800000	1	89990000	90000000
6	136640000	136650000	6	136790000	136800000
6	137710000	137720000	6	137860000	137870000
7	7100000	7110000	7	7530000	7540000
1	94050000	94060000	1	94230000	94240000
7	50210000	50220000	7	50300000	50310000
7	23270000	23280000	7	23530000	23540000
7	25860000	25870000	7	27160000	27170000
7	26370000	26380000	7	27150000	27160000
7	26680000	26690000	7	27150000	27160000
7	132310000	132320000	7	132570000	132580000
7	134630000	134640000	7	135170000	135180000
7	137900000	137910000	7	138000000	138010000
7	142310000	142320000	7	143220000	143230000
7	92620000	92630000	7	92830000	92840000
7	93900000	93910000	7	94390000	94400000
7	94440000	94450000	7	95480000	95490000
7	96070000	96080000	7	97020000	97030000
1	150250000	150260000	1	150980000	150990000
7	100460000	100470000	7	100860000	100870000
7	100710000	100720000	7	100850000	100860000
1	152650000	152660000	1	153200000	153210000
1	152860000	152870000	1	153210000	153220000
1	153350000	153360000	1	155060000	155070000
8	36860000	36870000	8	38150000	38160000
1	153520000	153530000	1	153980000	153990000
1	153790000	153800000	1	153970000	153980000
8	41980000	41990000	8	42370000	42380000
8	41990000	42000000	8	42150000	42160000
1	154480000	154490000	1	155050000	155060000
8	48310000	48320000	8	48920000	48930000
8	51840000	51850000	8	52400000	52410000
8	52110000	52120000	8	52400000	52410000
1	154560000	154570000	1	155050000	155060000
8	65830000	65840000	8	66020000	66030000
8	66050000	66060000	8	66420000	66430000
1	156470000	156480000	1	156590000	156600000
8	23470000	23480000	8	23680000	23690000
1	157170000	157180000	1	158120000	158130000
8	30060000	30070000	8	30150000	30160000
8	37390000	37400000	8	37690000	37700000
1	157960000	157970000	1	159200000	159210000
8	117870000	117880000	8	118110000	118120000
1	157970000	157980000	1	159070000	159080000
8	132190000	132200000	8	133190000	133200000
8	132870000	132880000	8	133190000	133200000
8	134910000	134920000	8	135450000	135460000
1	160830000	160840000	1	160950000	160960000
1	161200000	161210000	1	161740000	161750000
8	85300000	85310000	8	86090000	86100000
8	89720000	89730000	8	91070000	91080000
8	89730000	89740000	8	89980000	89990000
8	89840000	89850000	8	89980000	89990000
8	89990000	90000000	8	91070000	91080000
8	96320000	96330000	8	98040000	98050000
9	68580000	68590000	9	69010000	69020000
1	182140000	182150000	1	182390000	182400000
1	182430000	182440000	1	182780000	182790000
9	4750000	4760000	9	5430000	5440000
1	182450000	182460000	1	182580000	182590000
9	4760000	4770000	9	4980000	4990000
1	182590000	182600000	1	182780000	182790000
9	21280000	21290000	9	22440000	22450000
9	32380000	32390000	9	32570000	32580000
9	32380000	32390000	9	33470000	33480000
9	113300000	113310000	9	113400000	113410000
9	114420000	114430000	9	114650000	114660000
9	117640000	117650000	9	119360000	119370000
9	122120000	122130000	9	122800000	122810000
1	184800000	184810000	1	184970000	184980000
9	122460000	122470000	9	122800000	122810000
9	123080000	123090000	9	123350000	123360000
9	123540000	123550000	9	124010000	124020000
9	124770000	124780000	9	124850000	124860000
9	127590000	127600000	9	127910000	127920000
9	88720000	88730000	9	88990000	89000000
9	90910000	90920000	9	91420000	91430000
9	96320000	96330000	9	96650000	96660000
9	131590000	131600000	9	131740000	131750000
9	132410000	132420000	9	132970000	132980000
9	133520000	133530000	9	133990000	134000000
9	133780000	133790000	9	133990000	134000000
9	136780000	136790000	9	137040000	137050000
9	136790000	136800000	9	137220000	137230000
10	43680000	43690000	10	44380000	44390000
10	52300000	52310000	10	52770000	52780000
1	202180000	202190000	1	202710000	202720000
10	69410000	69420000	10	69630000	69640000
10	70550000	70560000	10	70880000	70890000
10	22000000	22010000	10	22320000	22330000
10	4830000	4840000	10	5400000	5410000
10	4820000	4830000	10	5890000	5900000
10	6910000	6920000	10	7410000	7420000
10	110310000	110320000	10	110560000	110570000
10	122140000	122150000	10	122270000	122280000
10	124530000	124540000	10	124740000	124750000
10	74250000	74260000	10	75090000	75100000
10	86690000	86700000	10	86960000	86970000
1	208020000	208030000	1	208240000	208250000
10	88980000	88990000	10	89200000	89210000
10	89430000	89440000	10	90850000	90860000
10	93370000	93380000	10	93480000	93490000
10	97780000	97790000	10	98030000	98040000
10	101210000	101220000	10	101780000	101790000
10	128270000	128280000	10	129960000	129970000
10	129030000	129040000	10	129960000	129970000
1	210420000	210430000	1	211130000	211140000
11	1840000	1850000	11	2140000	2150000
11	2030000	2040000	11	2140000	2150000
1	210580000	210590000	1	211130000	211140000
11	4640000	4650000	11	5800000	5810000
11	5120000	5130000	11	5800000	5810000
11	14520000	14530000	11	14890000	14900000
11	32320000	32330000	11	32790000	32800000
11	34170000	34180000	11	34350000	34360000
11	57340000	57350000	11	57530000	57540000
11	57340000	57350000	11	57640000	57650000
11	57340000	57350000	11	59140000	59150000
11	57660000	57670000	11	59140000	59150000
11	58560000	58570000	11	59140000	59150000
11	59180000	59190000	11	59420000	59430000
11	59270000	59280000	11	59420000	59430000
11	69290000	69300000	11	69640000	69650000
11	74920000	74930000	11	75240000	75250000
11	75020000	75030000	11	75240000	75250000
1	12300000	12310000	1	12640000	12650000
11	118190000	118200000	11	118350000	118360000
11	124660000	124670000	11	124760000	124770000
12	560000	570000	12	1590000	1600000
12	810000	820000	12	1590000	1600000
12	4100000	4110000	12	4270000	4280000
12	6940000	6950000	12	7100000	7110000
12	12360000	12370000	12	12710000	12720000
12	13100000	13110000	12	13190000	13200000
12	14250000	14260000	12	14360000	14370000
12	50820000	50830000	12	51340000	51350000
12	52150000	52160000	12	52320000	52330000
12	56760000	56770000	12	56990000	57000000
12	89020000	89030000	12	89520000	89530000
1	168430000	168440000	1	168570000	168580000
12	117870000	117880000	12	118370000	118380000
12	118110000	118120000	12	118370000	118380000
12	118180000	118190000	12	118370000	118380000
12	122630000	122640000	12	122750000	122760000
12	122860000	122870000	12	123230000	123240000
12	123260000	123270000	12	123600000	123610000
1	169590000	169600000	1	169710000	169720000
12	101410000	101420000	12	101830000	101840000
12	101930000	101940000	12	102480000	102490000
12	105420000	105430000	12	106130000	106140000
12	108550000	108560000	12	109090000	109100000
12	128640000	128650000	12	129900000	129910000
12	130040000	130050000	12	130330000	130340000
1	172750000	172760000	1	173200000	173210000
12	130910000	130920000	12	131710000	131720000
12	131110000	131120000	12	131710000	131720000
1	173410000	173420000	1	174990000	175000000
13	39040000	39050000	13	40770000	40780000
13	39410000	39420000	13	39600000	39610000
13	39680000	39690000	13	40780000	40790000
1	173420000	173430000	1	173820000	173830000
13	42960000	42970000	13	43870000	43880000
13	51450000	51460000	13	51580000	51590000
13	23470000	23480000	13	23880000	23890000
13	26960000	26970000	13	27980000	27990000
13	28310000	28320000	13	28650000	28660000
13	31900000	31910000	13	32310000	32320000
1	175470000	175480000	1	175740000	175750000
13	109140000	109150000	13	109780000	109790000
14	20320000	20330000	14	20600000	20610000
14	20320000	20330000	14	20680000	20690000
14	20320000	20330000	14	21090000	21100000
14	20690000	20700000	14	21100000	21110000
14	21240000	21250000	14	21380000	21390000
14	22390000	22400000	14	22980000	22990000
14	22570000	22580000	14	23560000	23570000
14	22970000	22980000	14	23550000	23560000
14	23080000	23090000	14	23550000	23560000
14	24330000	24340000	14	24420000	24430000
14	52820000	52830000	14	52950000	52960000
1	179100000	179110000	1	179360000	179370000
14	59120000	59130000	14	59570000	59580000
14	63800000	63810000	14	64290000	64300000
14	64010000	64020000	14	64290000	64300000
1	15120000	15130000	1	15430000	15440000
14	66350000	66360000	14	67700000	67710000
14	70620000	70630000	14	70800000	70810000
14	92120000	92130000	14	92790000	92800000
14	101960000	101970000	14	102310000	102320000
14	102050000	102060000	14	102310000	102320000
1	219990000	220000000	1	220780000	220790000
14	87940000	87950000	14	88380000	88390000
14	87940000	87950000	14	88560000	88570000
15	25510000	25520000	15	26860000	26870000
15	38720000	38730000	15	39580000	39590000
15	45150000	45160000	15	45430000	45440000
15	65600000	65610000	15	66490000	66500000
1	225480000	225490000	1	225770000	225780000
15	95260000	95270000	15	96330000	96340000
15	99270000	99280000	15	99730000	99740000
15	101090000	101100000	15	101250000	101260000
15	74630000	74640000	15	74950000	74960000
15	75030000	75040000	15	75200000	75210000
15	78110000	78120000	15	78230000	78240000
15	80450000	80460000	15	80770000	80780000
15	80560000	80570000	15	80770000	80780000
15	90640000	90650000	15	90880000	90890000
16	21970000	21980000	16	22290000	22300000
16	22200000	22210000	16	22290000	22300000
16	47140000	47150000	16	48150000	48160000
16	48360000	48370000	16	48610000	48620000
16	54280000	54290000	16	54930000	54940000
16	57570000	57580000	16	58000000	58010000
16	57750000	57760000	16	58000000	58010000
16	67530000	67540000	16	67640000	67650000
16	67670000	67680000	16	67930000	67940000
16	69150000	69160000	16	69290000	69300000
16	810000	820000	16	1090000	1100000
16	2010000	2020000	16	2490000	2500000
16	8570000	8580000	16	8880000	8890000
16	8660000	8670000	16	8880000	8890000
16	10960000	10970000	16	11970000	11980000
16	10970000	10980000	16	11520000	11530000
16	19590000	19600000	16	19880000	19890000
16	85820000	85830000	16	86510000	86520000
16	86070000	86080000	16	86510000	86520000
17	29630000	29640000	17	29930000	29940000
17	34200000	34210000	17	34350000	34360000
17	34410000	34420000	17	35120000	35130000
17	35170000	35180000	17	35530000	35540000
17	35310000	35320000	17	35530000	35540000
17	38980000	38990000	17	39160000	39170000
17	44200000	44210000	17	44340000	44350000
17	45210000	45220000	17	45840000	45850000
17	48030000	48040000	17	48610000	48620000
17	48330000	48340000	17	48590000	48600000
17	49560000	49570000	17	49990000	50000000
17	49860000	49870000	17	49990000	50000000
17	57860000	57870000	17	57980000	57990000
17	62700000	62710000	17	62960000	62970000
17	63420000	63430000	17	63600000	63610000
17	68180000	68190000	17	68450000	68460000
1	241520000	241530000	1	241840000	241850000
17	72980000	72990000	17	73160000	73170000
17	1890000	1900000	17	2030000	2040000
17	6650000	6660000	17	7010000	7020000
17	7030000	7040000	17	7570000	7580000
17	8390000	8400000	17	8750000	8760000
17	15250000	15260000	17	15990000	16000000
17	74370000	74380000	17	74460000	74470000
17	81260000	81270000	17	81520000	81530000
18	2990000	3000000	18	3240000	3250000
1	244850000	244860000	1	244960000	244970000
18	9580000	9590000	18	10520000	10530000
18	9960000	9970000	18	10520000	10530000
18	45670000	45680000	18	46070000	46080000
18	46140000	46150000	18	46650000	46660000
18	58540000	58550000	18	58670000	58680000
18	61640000	61650000	18	61890000	61900000
18	63130000	63140000	18	63310000	63320000
19	42110000	42120000	19	42300000	42310000
19	42110000	42120000	19	42420000	42430000
2	1860000	1870000	2	3650000	3660000
19	50350000	50360000	19	50910000	50920000
19	50360000	50370000	19	50780000	50790000
19	54480000	54490000	19	54660000	54670000
19	57110000	57120000	19	58150000	58160000
19	57460000	57470000	19	58150000	58160000
19	58210000	58220000	19	58510000	58520000
19	1270000	1280000	19	1810000	1820000
19	8650000	8660000	19	9080000	9090000
19	9930000	9940000	19	10250000	10260000
19	9930000	9940000	19	10380000	10390000
19	10260000	10270000	19	10380000	10390000
19	13880000	13890000	19	14060000	14070000
19	15600000	15610000	19	16180000	16190000
19	17440000	17450000	19	17850000	17860000
19	19530000	19540000	19	19640000	19650000
20	31640000	31650000	20	31720000	31730000
20	34540000	34550000	20	34700000	34710000
20	41170000	41180000	20	41340000	41350000
20	46520000	46530000	20	46680000	46690000
20	62010000	62020000	20	62380000	62390000
20	62010000	62020000	20	62800000	62810000
20	62190000	62200000	20	62380000	62390000
20	62500000	62510000	20	62790000	62800000
20	62660000	62670000	20	62790000	62800000
20	63550000	63560000	20	63960000	63970000
20	350000	360000	20	650000	660000
20	810000	820000	20	1200000	1210000
20	4110000	4120000	20	4720000	4730000
20	4610000	4620000	20	4720000	4730000
20	5550000	5560000	20	6000000	6010000
20	6640000	6650000	20	6760000	6770000
2	11830000	11840000	2	12710000	12720000
21	43800000	43810000	21	44300000	44310000
21	45150000	45160000	21	45280000	45290000
22	39150000	39160000	22	39310000	39320000
22	39540000	39550000	22	40340000	40350000
22	45590000	45600000	22	45970000	45980000
22	45640000	45650000	22	45970000	45980000
22	20800000	20810000	22	21640000	21650000
2	16640000	16650000	2	17810000	17820000
22	27400000	27410000	22	27800000	27810000
22	29630000	29640000	22	30080000	30090000
22	30100000	30110000	22	30260000	30270000
22	30280000	30290000	22	30380000	30390000
22	35350000	35360000	22	36480000	36490000
22	36530000	36540000	22	37280000	37290000
22	36530000	36540000	22	37580000	37590000
X	23680000	23690000	X	24050000	24060000
X	10180000	10190000	X	10620000	10630000
X	11120000	11130000	X	12900000	12910000
X	11540000	11550000	X	12900000	12910000
X	12940000	12950000	X	14020000	14030000
X	13650000	13660000	X	14020000	14030000
X	13760000	13770000	X	14020000	14030000
X	18250000	18260000	X	18350000	18360000
X	110990000	111000000	X	111090000	111100000
X	119500000	119510000	X	119750000	119760000
X	107650000	107660000	X	107770000	107780000
X	150770000	150780000	X	152630000	152640000
X	151150000	151160000	X	152630000	152640000
2	26960000	26970000	2	27280000	27290000
2	27090000	27100000	2	27280000	27290000
2	28590000	28600000	2	28750000	28760000
1	55280000	55290000	1	56810000	56820000
2	59880000	59890000	2	60550000	60560000
2	68460000	68470000	2	69890000	69900000
1	56820000	56830000	1	58540000	58550000
2	69720000	69730000	2	70290000	70300000
2	69900000	69910000	2	70290000	70300000
2	42950000	42960000	2	43220000	43230000
2	43130000	43140000	2	43220000	43230000
2	158900000	158910000	2	159790000	159800000
2	198310000	198320000	2	199850000	199860000
2	165000000	165010000	2	166120000	166130000
2	168160000	168170000	2	168240000	168250000
2	169450000	169460000	2	170810000	170820000
2	171700000	171710000	2	172100000	172110000
2	173400000	173410000	2	174330000	174340000
2	174330000	174340000	2	176090000	176100000
2	174570000	174580000	2	176090000	176100000
2	174700000	174710000	2	176100000	176110000
2	175360000	175370000	2	176090000	176100000
2	181300000	181310000	2	181450000	181460000
2	217780000	217790000	2	218060000	218070000
2	217780000	217790000	2	218390000	218400000
2	218280000	218290000	2	218650000	218660000
2	218290000	218300000	2	218380000	218390000
2	220680000	220690000	2	221570000	221580000
2	232850000	232860000	2	233250000	233260000
2	234280000	234290000	2	234490000	234500000
2	235770000	235780000	2	237560000	237570000
2	237670000	237680000	2	237590000	237600000
2	237730000	237740000	2	237590000	237600000
2	240830000	240840000	2	240580000	240590000
3	39280000	39290000	3	39100000	39110000
3	39280000	39290000	3	39190000	39200000
3	46900000	46910000	3	46700000	46710000
3	50540000	50550000	3	50350000	50360000
3	10730000	10740000	3	8960000	8970000
3	15800000	15810000	3	15200000	15210000
3	17230000	17240000	3	16600000	16610000
3	17410000	17420000	3	16600000	16610000
3	18750000	18760000	3	18420000	18430000
1	44040000	44050000	1	43530000	43540000
3	63990000	64000000	3	63860000	63870000
3	37770000	37780000	3	37450000	37460000
3	99770000	99780000	3	98590000	98600000
3	112430000	112440000	3	112330000	112340000
1	47710000	47720000	1	47190000	47200000
1	47710000	47720000	1	47430000	47440000
3	134480000	134490000	3	132720000	132730000
3	135890000	135900000	3	134790000	134800000
3	138910000	138920000	3	138590000	138600000
3	88000000	88010000	3	87270000	87280000
3	170820000	170830000	3	169860000	169870000
3	149260000	149270000	3	149120000	149130000
3	149710000	149720000	3	149120000	149130000
1	52680000	52690000	1	52400000	52410000
3	182680000	182690000	3	181710000	181720000
3	184790000	184800000	3	184360000	184370000
3	184530000	184540000	3	184370000	184380000
3	187160000	187170000	3	186840000	186850000
3	188420000	188430000	3	187740000	187750000
3	188790000	188800000	3	187740000	187750000
3	195250000	195260000	3	194670000	194680000
3	195100000	195110000	3	194680000	194690000
4	17800000	17810000	4	17570000	17580000
1	54480000	54490000	1	54400000	54410000
1	21200000	21210000	1	19920000	19930000
4	67900000	67910000	4	67540000	67550000
4	73250000	73260000	4	73060000	73070000
4	36330000	36340000	4	36240000	36250000
4	140880000	140890000	4	139010000	139020000
4	87010000	87020000	4	86930000	86940000
1	23180000	23190000	1	22970000	22980000
1	23270000	23280000	1	22970000	22980000
4	99050000	99060000	4	98140000	98150000
4	99400000	99410000	4	98140000	98150000
1	23180000	23190000	1	23090000	23100000
4	105460000	105470000	4	105140000	105150000
1	23630000	23640000	1	23550000	23560000
4	111630000	111640000	4	110620000	110630000
4	112040000	112050000	4	110620000	110630000
4	112510000	112520000	4	110620000	110630000
4	152380000	152390000	4	151270000	151280000
4	153570000	153580000	4	153340000	153350000
4	155370000	155380000	4	154550000	154560000
4	159440000	159450000	4	158720000	158730000
4	169480000	169490000	4	169010000	169020000
5	18300000	18310000	5	17210000	17220000
5	40870000	40880000	5	40750000	40760000
5	54220000	54230000	5	53100000	53110000
5	54850000	54860000	5	54510000	54520000
5	55150000	55160000	5	54510000	54520000
5	55690000	55700000	5	55170000	55180000
1	30780000	30790000	1	29230000	29240000
5	57210000	57220000	5	56900000	56910000
5	58460000	58470000	5	56900000	56910000
1	30930000	30940000	1	29230000	29240000
5	61330000	61340000	5	61160000	61170000
1	30920000	30930000	1	30720000	30730000
5	36690000	36700000	5	36060000	36070000
5	115830000	115840000	5	115620000	115630000
5	93900000	93910000	5	93580000	93590000
1	35290000	35300000	1	34780000	34790000
1	35720000	35730000	1	35570000	35580000
5	84250000	84260000	5	83720000	83730000
5	88680000	88690000	5	87410000	87420000
5	131410000	131420000	5	129900000	129910000
5	132370000	132380000	5	132070000	132080000
5	136070000	136080000	5	135950000	135960000
5	140720000	140730000	5	139790000	139800000
5	140710000	140720000	5	140360000	140370000
5	142130000	142140000	5	141220000	141230000
5	142690000	142700000	5	141220000	141230000
5	142880000	142890000	5	141220000	141230000
5	141550000	141560000	5	141340000	141350000
5	141550000	141560000	5	141410000	141420000
5	142130000	142140000	5	141680000	141690000
5	172690000	172700000	5	171410000	171420000
5	171900000	171910000	5	171410000	171420000
5	172040000	172050000	5	171410000	171420000
5	172280000	172290000	5	171410000	171420000
5	173970000	173980000	5	173610000	173620000
5	174310000	174320000	5	173610000	173620000
5	174310000	174320000	5	174040000	174050000
5	149110000	149120000	5	147870000	147880000
5	148720000	148730000	5	147870000	147880000
5	149570000	149580000	5	147870000	147880000
5	153950000	153960000	5	153490000	153500000
5	154610000	154620000	5	154470000	154480000
5	159120000	159130000	5	157340000	157350000
6	2630000	2640000	6	1600000	1610000
6	2100000	2110000	6	1600000	1610000
6	2190000	2200000	6	1600000	1610000
6	2350000	2360000	6	1600000	1610000
6	3050000	3060000	6	1600000	1610000
6	4000000	4010000	6	2750000	2760000
6	2920000	2930000	6	2840000	2850000
6	4000000	4010000	6	2990000	3000000
6	7990000	8000000	6	7720000	7730000
6	71020000	71030000	6	70300000	70310000
1	78640000	78650000	1	77970000	77980000
6	42040000	42050000	6	41780000	41790000
6	42210000	42220000	6	41780000	41790000
6	42880000	42890000	6	41780000	41790000
6	44070000	44080000	6	42910000	42920000
6	52020000	52030000	6	50810000	50820000
6	52250000	52260000	6	50810000	50820000
6	52380000	52390000	6	52280000	52290000
6	52660000	52670000	6	52280000	52290000
1	84760000	84770000	1	84140000	84150000
6	20520000	20530000	6	20400000	20410000
6	27140000	27150000	6	26030000	26040000
6	27820000	27830000	6	26030000	26040000
6	27880000	27890000	6	26030000	26040000
6	27140000	27150000	6	26190000	26200000
6	26560000	26570000	6	26180000	26190000
6	27820000	27830000	6	26200000	26210000
6	27890000	27900000	6	27140000	27150000
6	30600000	30610000	6	30480000	30490000
6	34150000	34160000	6	33580000	33590000
6	37200000	37210000	6	36880000	36890000
6	75220000	75230000	6	73650000	73660000
6	90380000	90390000	6	90290000	90300000
6	116660000	116670000	6	116250000	116260000
1	89450000	89460000	1	88990000	89000000
1	89600000	89610000	1	88990000	89000000
6	125970000	125980000	6	125300000	125310000
6	127110000	127120000	6	125300000	125310000
1	89760000	89770000	1	88990000	89000000
1	89750000	89760000	1	89630000	89640000
6	133520000	133530000	6	132530000	132540000
6	148940000	148950000	6	148740000	148750000
6	150810000	150820000	6	149940000	149950000
6	150800000	150810000	6	150060000	150070000
6	157660000	157670000	6	157320000	157330000
1	93840000	93850000	1	93440000	93450000
6	159660000	159670000	6	159160000	159170000
6	160450000	160460000	6	159690000	159700000
7	43710000	43720000	7	42930000	42940000
7	43700000	43710000	7	43580000	43590000
7	44920000	44930000	7	44580000	44590000
7	45120000	45130000	7	44580000	44590000
7	49850000	49860000	7	47940000	47950000
7	51150000	51160000	7	50090000	50100000
7	21990000	22000000	7	20780000	20790000
7	27780000	27790000	7	27200000	27210000
7	74390000	74400000	7	73860000	73870000
7	111720000	111730000	7	111090000	111100000
7	121080000	121090000	7	120980000	120990000
7	130750000	130760000	7	130070000	130080000
7	139990000	140000000	7	139770000	139780000
7	140310000	140320000	7	140170000	140180000
7	94080000	94090000	7	93900000	93910000
7	94390000	94400000	7	93900000	93910000
1	150980000	150990000	1	150250000	150260000
7	100860000	100870000	7	100460000	100470000
7	100560000	100570000	7	100470000	100480000
7	107870000	107880000	7	107740000	107750000
1	155060000	155070000	1	153350000	153360000
8	42800000	42810000	8	42690000	42700000
8	43070000	43080000	8	42690000	42700000
8	43680000	43690000	8	43090000	43100000
1	155050000	155060000	1	154560000	154570000
8	56920000	56930000	8	56440000	56450000
8	23410000	23420000	8	23160000	23170000
8	27590000	27600000	8	27310000	27320000
8	27420000	27430000	8	27320000	27330000
8	128850000	128860000	8	127730000	127740000
8	129550000	129560000	8	127730000	127740000
8	129680000	129690000	8	127730000	127740000
8	142460000	142470000	8	141500000	141510000
1	161370000	161380000	1	161200000	161210000
8	74340000	74350000	8	73290000	73300000
1	161740000	161750000	1	161200000	161210000
8	80220000	80230000	8	80080000	80090000
8	90950000	90960000	8	90000000	90010000
8	99350000	99360000	8	98940000	98950000
8	100540000	100550000	8	100140000	100150000
8	100820000	100830000	8	100140000	100150000
1	2380000	2390000	1	2190000	2200000
8	102800000	102810000	8	102650000	102660000
1	163170000	163180000	1	162860000	162870000
1	182580000	182590000	1	182450000	182460000
9	5590000	5600000	9	5180000	5190000
9	22450000	22460000	9	21160000	21170000
1	183910000	183920000	1	183650000	183660000
9	32570000	32580000	9	32380000	32390000
9	33230000	33240000	9	32380000	32390000
9	33470000	33480000	9	32380000	32390000
9	33720000	33730000	9	32380000	32390000
9	35470000	35480000	9	34890000	34900000
9	35550000	35560000	9	34890000	34900000
9	35880000	35890000	9	34890000	34900000
9	35470000	35480000	9	35110000	35120000
9	110140000	110150000	9	109110000	109120000
9	113650000	113660000	9	113270000	113280000
9	113400000	113410000	9	113300000	113310000
9	122980000	122990000	9	122470000	122480000
9	124850000	124860000	9	124770000	124780000
9	89920000	89930000	9	89600000	89610000
9	98260000	98270000	9	97920000	97930000
9	98780000	98790000	9	97920000	97930000
9	129610000	129620000	9	129130000	129140000
9	129780000	129790000	9	129130000	129140000
9	130230000	130240000	9	129130000	129140000
9	129780000	129790000	9	129620000	129630000
9	132970000	132980000	9	132410000	132420000
1	11640000	11650000	1	11040000	11050000
9	133480000	133490000	9	133030000	133040000
9	133990000	134000000	9	133520000	133530000
9	133710000	133720000	9	133530000	133540000
9	135410000	135420000	9	135080000	135090000
1	201970000	201980000	1	201530000	201540000
9	136120000	136130000	9	135960000	135970000
9	136640000	136650000	9	136320000	136330000
9	137220000	137230000	9	136790000	136800000
10	47280000	47290000	10	46030000	46040000
1	202310000	202320000	1	202190000	202200000
10	52480000	52490000	10	52310000	52320000
10	69630000	69640000	10	69410000	69420000
10	71700000	71710000	10	71310000	71320000
10	71810000	71820000	10	71310000	71320000
10	71890000	71900000	10	71310000	71320000
10	22980000	22990000	10	22000000	22010000
10	22320000	22330000	10	22000000	22010000
1	204130000	204140000	1	203860000	203870000
1	11890000	11900000	1	11040000	11050000
1	204360000	204370000	1	203860000	203870000
1	204370000	204380000	1	204160000	204170000
10	35210000	35220000	10	35120000	35130000
10	5890000	5900000	10	4820000	4830000
10	6400000	6410000	10	4820000	4830000
10	6670000	6680000	10	4820000	4830000
10	110890000	110900000	10	110300000	110310000
10	119420000	119430000	10	119200000	119210000
1	206980000	206990000	1	206610000	206620000
10	123550000	123560000	10	123130000	123140000
1	207400000	207410000	1	207080000	207090000
10	89560000	89570000	10	89250000	89260000
10	95840000	95850000	10	95690000	95700000
10	98040000	98050000	10	97680000	97690000
10	128140000	128150000	10	127900000	127910000
11	4060000	4070000	11	3840000	3850000
11	6350000	6360000	11	4630000	4640000
11	5800000	5810000	11	4640000	4650000
11	14890000	14900000	11	14520000	14530000
11	17500000	17510000	11	17380000	17390000
11	22780000	22790000	11	22330000	22340000
11	33320000	33330000	11	33160000	33170000
11	36490000	36500000	11	34910000	34920000
11	36260000	36270000	11	35610000	35620000
11	36480000	36490000	11	36290000	36300000
11	58510000	58520000	11	57660000	57670000
11	59140000	59150000	11	57660000	57670000
11	62550000	62560000	11	62410000	62420000
11	65500000	65510000	11	65380000	65390000
11	69640000	69650000	11	69290000	69300000
11	69890000	69900000	11	69700000	69710000
11	76510000	76520000	11	76200000	76210000
11	78560000	78570000	11	78410000	78420000
11	114170000	114180000	11	114050000	114060000
11	118050000	118060000	11	117820000	117830000
11	121590000	121600000	11	120510000	120520000
11	120940000	120950000	11	120510000	120520000
11	121570000	121580000	11	121450000	121460000
11	122750000	122760000	11	122650000	122660000
11	108650000	108660000	11	107560000	107570000
11	108650000	108660000	11	108120000	108130000
12	540000	550000	12	450000	460000
12	2580000	2590000	12	2050000	2060000
12	7100000	7110000	12	6940000	6950000
12	13210000	13220000	12	12810000	12820000
12	13190000	13200000	12	13100000	13110000
12	14990000	15000000	12	14840000	14850000
12	49510000	49520000	12	49360000	49370000
12	50630000	50640000	12	50500000	50510000
12	54200000	54210000	12	54000000	54010000
12	55940000	55950000	12	55740000	55750000
12	57060000	57070000	12	56750000	56760000
12	56990000	57000000	12	56760000	56770000
12	75490000	75500000	12	75330000	75340000
12	76040000	76050000	12	75510000	75520000
12	110590000	110600000	12	110450000	110460000
12	110820000	110830000	12	110610000	110620000
12	111300000	111310000	12	110920000	110930000
12	113160000	113170000	12	113050000	113060000
12	119410000	119420000	12	118980000	118990000
12	121100000	121110000	12	120580000	120590000
12	122190000	122200000	12	121910000	121920000
12	93740000	93750000	12	93570000	93580000
12	104350000	104360000	12	104210000	104220000
12	129910000	129920000	12	128260000	128270000
12	130010000	130020000	12	128260000	128270000
13	48560000	48570000	13	48410000	48420000
13	51580000	51590000	13	51450000	51460000
13	33540000	33550000	13	32580000	32590000
13	100510000	100520000	13	99980000	99990000
14	24420000	24430000	14	24330000	24340000
14	32220000	32230000	14	32070000	32080000
14	54780000	54790000	14	54560000	54570000
14	57300000	57310000	14	55440000	55450000
14	61730000	61740000	14	61280000	61290000
14	61830000	61840000	14	61280000	61290000
14	65950000	65960000	14	65410000	65420000
14	66070000	66080000	14	65410000	65420000
1	180030000	180040000	1	179870000	179880000
14	92790000	92800000	14	92120000	92130000
14	102310000	102320000	14	101960000	101970000
14	103290000	103300000	14	103080000	103090000
14	104630000	104640000	14	104080000	104090000
14	90690000	90700000	14	90390000	90400000
15	38670000	38680000	15	38560000	38570000
15	40420000	40430000	15	39780000	39790000
15	41900000	41910000	15	41770000	41780000
15	50880000	50890000	15	50680000	50690000
15	71440000	71450000	15	71110000	71120000
15	92700000	92710000	15	92390000	92400000
15	75210000	75220000	15	74780000	74790000
15	88440000	88450000	15	88250000	88260000
15	89170000	89180000	15	88620000	88630000
15	90070000	90080000	15	89750000	89760000
15	90070000	90080000	15	89890000	89900000
16	22290000	22300000	16	22200000	22210000
16	46800000	46810000	16	46680000	46690000
16	48150000	48160000	16	47140000	47150000
16	48620000	48630000	16	48240000	48250000
16	53150000	53160000	16	53050000	53060000
16	53210000	53220000	16	53050000	53060000
16	54930000	54940000	16	54280000	54290000
16	57160000	57170000	16	55470000	55480000
1	233170000	233180000	1	232630000	232640000
16	69120000	69130000	16	68530000	68540000
16	2490000	2500000	16	2010000	2020000
16	75390000	75400000	16	74700000	74710000
16	75760000	75770000	16	75200000	75210000
16	81720000	81730000	16	81000000	81010000
16	84480000	84490000	16	83950000	83960000
16	87280000	87290000	16	86560000	86570000
16	87630000	87640000	16	86560000	86570000
17	31520000	31530000	17	30110000	30120000
17	40290000	40300000	17	40010000	40020000
17	41670000	41680000	17	40300000	40310000
17	43330000	43340000	17	42830000	42840000
17	48610000	48620000	17	48030000	48040000
17	49690000	49700000	17	49570000	49580000
17	49850000	49860000	17	49570000	49580000
17	67690000	67700000	17	67370000	67380000
17	67610000	67620000	17	67370000	67380000
17	2250000	2260000	17	2050000	2060000
17	4880000	4890000	17	4560000	4570000
17	4880000	4890000	17	4710000	4720000
17	7010000	7020000	17	6650000	6660000
17	7570000	7580000	17	7030000	7040000
17	8760000	8770000	17	8080000	8090000
17	8750000	8760000	17	8390000	8400000
17	9530000	9540000	17	8390000	8400000
17	9530000	9540000	17	8750000	8760000
17	76280000	76290000	17	76000000	76010000
17	79390000	79400000	17	79020000	79030000
18	3580000	3590000	18	3450000	3460000
1	246000000	246010000	1	245150000	245160000
1	246750000	246760000	1	245150000	245160000
18	62970000	62980000	18	62180000	62190000
18	63340000	63350000	18	62180000	62190000
18	62960000	62970000	18	62710000	62720000
18	70190000	70200000	18	68710000	68720000
18	70440000	70450000	18	68710000	68720000
19	41560000	41570000	19	41440000	41450000
19	50780000	50790000	19	50360000	50370000
19	33400000	33410000	19	33130000	33140000
19	33760000	33770000	19	33130000	33140000
19	58150000	58160000	19	57110000	57120000
19	1810000	1820000	19	1270000	1280000
19	2620000	2630000	19	2260000	2270000
19	2610000	2620000	19	2470000	2480000
2	7020000	7030000	2	6910000	6920000
19	9790000	9800000	19	9620000	9630000
19	10250000	10260000	19	9930000	9940000
19	10380000	10390000	19	9930000	9940000
19	17770000	17780000	19	17440000	17450000
19	17850000	17860000	19	17440000	17450000
19	19640000	19650000	19	19530000	19540000
19	19950000	19960000	19	19530000	19540000
20	37530000	37540000	20	37260000	37270000
20	44070000	44080000	20	43450000	43460000
20	43680000	43690000	20	43450000	43460000
20	44610000	44620000	20	44210000	44220000
20	44670000	44680000	20	44210000	44220000
20	48610000	48620000	20	47780000	47790000
20	50460000	50470000	20	50190000	50200000
20	51310000	51320000	20	50790000	50800000
2	10420000	10430000	2	10120000	10130000
20	57480000	57490000	20	57390000	57400000
2	11780000	11790000	2	10810000	10820000
20	61890000	61900000	20	59950000	59960000
20	63960000	63970000	20	63550000	63560000
2	11440000	11450000	2	11130000	11140000
2	11770000	11780000	2	11130000	11140000
20	4580000	4590000	20	4240000	4250000
1	19090000	19100000	1	18900000	18910000
2	13000000	13010000	2	11130000	11140000
20	15230000	15240000	20	14330000	14340000
20	15920000	15930000	20	14330000	14340000
20	17930000	17940000	20	17530000	17540000
21	26710000	26720000	21	25600000	25610000
21	26830000	26840000	21	25600000	25610000
21	31070000	31080000	21	30340000	30350000
21	31600000	31610000	21	30340000	30350000
22	18090000	18100000	22	17080000	17090000
22	39310000	39320000	22	39150000	39160000
22	40890000	40900000	22	39530000	39540000
22	24510000	24520000	22	24420000	24430000
22	25040000	25050000	22	24770000	24780000
22	25040000	25050000	22	24940000	24950000
22	26340000	26350000	22	25210000	25220000
22	30380000	30390000	22	30280000	30290000
22	31950000	31960000	22	31660000	31670000
X	69220000	69230000	X	68820000	68830000
X	69280000	69290000	X	68820000	68830000
X	13080000	13090000	X	12970000	12980000
X	14020000	14030000	X	13650000	13660000
2	33570000	33580000	2	33470000	33480000
2	36500000	36510000	2	36350000	36360000
2	36650000	36660000	2	36350000	36360000
2	57500000	57510000	2	56180000	56190000
2	69890000	69900000	2	68460000	68470000
2	70150000	70160000	2	69910000	69920000
2	70940000	70950000	2	70790000	70800000
2	45770000	45780000	2	45650000	45660000
2	120670000	120680000	2	120340000	120350000
2	128730000	128740000	2	128310000	128320000
2	136370000	136380000	2	136110000	136120000
2	151430000	151440000	2	149580000	149590000
2	152010000	152020000	2	151260000	151270000
2	191020000	191030000	2	189660000	189670000
2	200690000	200700000	2	200580000	200590000
2	217510000	217520000	2	216690000	216700000
2	165870000	165880000	2	165230000	165240000
2	171410000	171420000	2	171160000	171170000
2	176090000	176100000	2	174330000	174340000
2	176640000	176650000	2	176120000	176130000
2	177140000	177150000	2	176120000	176130000
2	177410000	177420000	2	176120000	176130000
2	177750000	177760000	2	176120000	176130000
2	218380000	218390000	2	218290000	218300000
2	219140000	219150000	2	218990000	219000000
2	219290000	219300000	2	219160000	219170000
2	219520000	219530000	2	219160000	219170000
