chr1	start1	end1	chr2	start2	end2
1	1930000	1940000	1	3420000	3430000
2	236340000	236350000	2	237060000	237070000
2	237150000	237160000	2	237560000	237570000
2	237140000	237150000	2	237750000	237760000
2	237510000	237520000	2	237740000	237750000
2	237590000	237600000	2	237670000	237680000
2	237590000	237600000	2	237730000	237740000
2	238350000	238360000	2	240130000	240140000
2	239030000	239040000	2	239990000	240000000
2	240150000	240160000	2	240430000	240440000
2	240220000	240230000	2	240430000	240440000
2	240580000	240590000	2	240830000	240840000
2	241250000	241260000	2	241650000	241660000
3	37850000	37860000	3	38490000	38500000
3	38000000	38010000	3	38470000	38480000
3	38110000	38120000	3	38480000	38490000
3	39100000	39110000	3	39280000	39290000
1	40140000	40150000	1	40410000	40420000
3	39190000	39200000	3	39280000	39290000
3	39430000	39440000	3	40310000	40320000
3	44530000	44540000	3	44910000	44920000
3	45030000	45040000	3	45500000	45510000
3	45030000	45040000	3	45660000	45670000
3	45030000	45040000	3	45920000	45930000
3	45510000	45520000	3	45650000	45660000
3	46080000	46090000	3	46370000	46380000
3	46480000	46490000	3	46630000	46640000
3	46700000	46710000	3	46900000	46910000
3	48250000	48260000	3	49450000	49460000
3	48270000	48280000	3	48540000	48550000
3	49310000	49320000	3	49440000	49450000
3	50350000	50360000	3	50540000	50550000
3	52740000	52750000	3	53070000	53080000
3	52850000	52860000	3	53700000	53710000
3	53300000	53310000	3	53700000	53710000
1	41570000	41580000	1	42740000	42750000
3	4710000	4720000	3	5200000	5210000
3	4710000	4720000	3	5050000	5060000
3	8960000	8970000	3	10730000	10740000
1	42320000	42330000	1	42740000	42750000
3	10340000	10350000	3	10720000	10730000
3	10760000	10770000	3	11330000	11340000
3	11060000	11070000	3	11330000	11340000
3	11370000	11380000	3	11810000	11820000
3	11380000	11390000	3	11640000	11650000
1	42580000	42590000	1	43070000	43080000
3	12900000	12910000	3	12980000	12990000
3	13490000	13500000	3	13640000	13650000
3	13490000	13500000	3	14920000	14930000
1	42770000	42780000	1	43070000	43080000
3	13890000	13900000	3	14470000	14480000
3	15200000	15210000	3	15800000	15810000
3	15250000	15260000	3	15390000	15400000
3	15820000	15830000	3	16170000	16180000
3	16600000	16610000	3	17230000	17240000
3	16600000	16610000	3	17410000	17420000
3	18420000	18430000	3	18750000	18760000
3	57170000	57180000	3	57840000	57850000
3	57870000	57880000	3	58160000	58170000
3	58010000	58020000	3	58150000	58160000
3	58310000	58320000	3	58520000	58530000
3	62330000	62340000	3	63810000	63820000
3	62660000	62670000	3	63810000	63820000
3	62620000	62630000	3	63990000	64000000
3	62650000	62660000	3	63220000	63230000
3	63350000	63360000	3	63800000	63810000
1	43530000	43540000	1	44040000	44050000
3	63350000	63360000	3	63990000	64000000
3	63860000	63870000	3	63990000	64000000
3	66260000	66270000	3	66820000	66830000
3	66400000	66410000	3	66810000	66820000
3	70530000	70540000	3	71290000	71300000
3	71690000	71700000	3	73070000	73080000
3	72940000	72950000	3	73060000	73070000
3	23890000	23900000	3	24680000	24690000
3	25640000	25650000	3	26710000	26720000
3	27130000	27140000	3	28320000	28330000
1	44720000	44730000	1	45300000	45310000
3	27310000	27320000	3	28320000	28330000
3	27710000	27720000	3	28310000	28320000
3	30770000	30780000	3	31760000	31770000
3	30770000	30780000	3	32140000	32150000
3	30770000	30780000	3	32330000	32340000
3	31610000	31620000	3	32150000	32160000
1	45020000	45030000	1	45490000	45500000
3	32730000	32740000	3	32930000	32940000
3	32940000	32950000	3	33370000	33380000
3	33130000	33140000	3	33370000	33380000
3	36730000	36740000	3	37210000	37220000
3	37020000	37030000	3	37200000	37210000
3	37450000	37460000	3	37770000	37780000
3	37850000	37860000	3	37960000	37970000
3	97790000	97800000	3	98020000	98030000
3	98040000	98050000	3	98580000	98590000
3	98590000	98600000	3	99770000	99780000
3	98600000	98610000	3	98800000	98810000
3	100310000	100320000	3	100590000	100600000
3	100310000	100320000	3	101370000	101380000
1	5630000	5640000	1	5900000	5910000
1	46030000	46040000	1	46190000	46200000
3	105680000	105690000	3	106610000	106620000
3	105680000	105690000	3	107100000	107110000
3	112110000	112120000	3	112520000	112530000
1	46030000	46040000	1	46350000	46360000
3	112330000	112340000	3	112430000	112440000
3	122550000	122560000	3	122680000	122690000
1	47190000	47200000	1	47710000	47720000
3	124560000	124570000	3	124900000	124910000
1	47430000	47440000	1	47710000	47720000
3	128080000	128090000	3	128590000	128600000
3	128960000	128970000	3	129240000	129250000
3	129480000	129490000	3	129820000	129830000
3	129480000	129490000	3	129930000	129940000
3	132700000	132710000	3	133610000	133620000
3	132720000	132730000	3	134480000	134490000
3	133040000	133050000	3	133380000	133390000
3	133810000	133820000	3	134210000	134220000
3	133810000	133820000	3	134470000	134480000
3	134200000	134210000	3	135890000	135900000
3	134790000	134800000	3	135890000	135900000
3	138060000	138070000	3	139320000	139330000
3	138590000	138600000	3	138910000	138920000
3	141460000	141470000	3	141910000	141920000
3	141460000	141470000	3	141990000	142000000
3	141570000	141580000	3	141910000	141920000
3	141570000	141580000	3	141990000	142000000
3	141740000	141750000	3	141890000	141900000
3	142120000	142130000	3	143000000	143010000
1	50370000	50380000	1	50700000	50710000
3	87270000	87280000	3	88000000	88010000
3	169140000	169150000	3	169660000	169670000
3	169130000	169140000	3	169740000	169750000
3	169860000	169870000	3	170820000	170830000
3	172810000	172820000	3	173040000	173050000
3	177040000	177050000	3	178380000	178390000
3	177070000	177080000	3	177170000	177180000
3	177200000	177210000	3	177350000	177360000
3	179010000	179020000	3	179560000	179570000
3	149120000	149130000	3	149260000	149270000
3	149120000	149130000	3	149710000	149720000
3	149950000	149960000	3	151140000	151150000
3	149950000	149960000	3	150490000	150500000
3	151290000	151300000	3	151830000	151840000
3	151440000	151450000	3	151830000	151840000
3	151440000	151450000	3	151920000	151930000
3	154330000	154340000	3	155700000	155710000
3	154750000	154760000	3	155700000	155710000
3	155350000	155360000	3	155700000	155710000
3	156140000	156150000	3	156520000	156530000
3	157530000	157540000	3	158780000	158790000
1	52400000	52410000	1	52680000	52690000
3	157530000	157540000	3	159250000	159260000
3	159260000	159270000	3	160410000	160420000
3	159840000	159850000	3	160410000	160420000
1	53270000	53280000	1	53390000	53400000
3	160020000	160030000	3	160410000	160420000
3	181710000	181720000	3	182680000	182690000
3	183180000	183190000	3	183380000	183390000
1	53270000	53280000	1	53950000	53960000
3	183180000	183190000	3	183760000	183770000
3	183890000	183900000	3	184270000	184280000
3	184360000	184370000	3	184790000	184800000
3	184370000	184380000	3	184530000	184540000
3	184860000	184870000	3	185310000	185320000
3	185660000	185670000	3	186540000	186550000
1	53270000	53280000	1	54810000	54820000
3	185970000	185980000	3	186540000	186550000
3	185970000	185980000	3	186610000	186620000
3	185980000	185990000	3	186240000	186250000
3	186250000	186260000	3	186540000	186550000
3	186840000	186850000	3	187160000	187170000
3	187730000	187740000	3	189140000	189150000
3	187730000	187740000	3	188950000	188960000
3	187730000	187740000	3	189040000	189050000
3	187740000	187750000	3	188420000	188430000
3	187740000	187750000	3	188790000	188800000
3	189960000	189970000	3	191050000	191060000
3	192810000	192820000	3	194410000	194420000
3	193660000	193670000	3	194310000	194320000
3	193780000	193790000	3	194130000	194140000
3	194330000	194340000	3	195260000	195270000
3	194670000	194680000	3	195250000	195260000
3	194680000	194690000	3	195100000	195110000
3	196070000	196080000	3	196190000	196200000
3	196610000	196620000	3	197180000	197190000
1	6350000	6360000	1	6640000	6650000
1	53860000	53870000	1	54800000	54810000
3	197220000	197230000	3	197510000	197520000
4	1130000	1140000	4	1340000	1350000
4	1740000	1750000	4	1900000	1910000
4	3190000	3200000	4	3440000	3450000
4	12730000	12740000	4	13540000	13550000
4	15230000	15240000	4	15960000	15970000
1	54070000	54080000	1	54800000	54810000
4	16030000	16040000	4	16190000	16200000
4	17570000	17580000	4	17800000	17810000
4	17630000	17640000	4	18590000	18600000
4	17820000	17830000	4	18590000	18600000
4	37600000	37610000	4	38030000	38040000
1	54400000	54410000	1	54480000	54490000
4	37800000	37810000	4	38030000	38040000
4	38060000	38070000	4	38860000	38870000
4	39470000	39480000	4	39970000	39980000
4	40950000	40960000	4	41210000	41220000
4	41690000	41700000	4	42520000	42530000
4	47680000	47690000	4	48540000	48550000
4	48120000	48130000	4	48540000	48550000
4	48570000	48580000	4	48960000	48970000
4	53190000	53200000	4	54220000	54230000
4	67530000	67540000	4	67670000	67680000
1	19920000	19930000	1	21200000	21210000
4	67540000	67550000	4	67900000	67910000
4	73060000	73070000	4	73250000	73260000
4	21790000	21800000	4	22690000	22700000
4	22400000	22410000	4	22690000	22700000
4	25440000	25450000	4	25760000	25770000
4	26430000	26440000	4	27010000	27020000
4	36210000	36220000	4	36370000	36380000
4	36240000	36250000	4	36330000	36340000
4	139010000	139020000	4	140880000	140890000
1	20690000	20700000	1	21190000	21200000
4	140010000	140020000	4	140250000	140260000
4	142120000	142130000	4	142840000	142850000
4	143200000	143210000	4	143470000	143480000
4	143200000	143210000	4	143520000	143530000
4	143540000	143550000	4	145070000	145080000
4	74190000	74200000	4	75490000	75500000
1	21220000	21230000	1	22640000	22650000
4	76170000	76180000	4	76750000	76760000
4	77050000	77060000	4	77190000	77200000
1	6480000	6490000	1	6630000	6640000
1	21230000	21240000	1	22410000	22420000
4	78610000	78620000	4	78850000	78860000
4	78630000	78640000	4	78770000	78780000
4	80050000	80060000	4	80190000	80200000
4	81400000	81410000	4	82350000	82360000
4	82850000	82860000	4	83270000	83280000
4	83060000	83070000	4	83630000	83640000
1	22420000	22430000	1	22940000	22950000
4	86920000	86930000	4	87220000	87230000
4	86930000	86940000	4	87010000	87020000
4	87150000	87160000	4	87460000	87470000
1	22970000	22980000	1	23180000	23190000
4	87850000	87860000	4	87970000	87980000
4	88040000	88050000	4	88200000	88210000
4	88040000	88050000	4	88500000	88510000
4	88530000	88540000	4	89020000	89030000
4	88810000	88820000	4	89020000	89030000
4	88820000	88830000	4	90290000	90300000
1	22970000	22980000	1	23270000	23280000
4	89220000	89230000	4	89900000	89910000
4	94620000	94630000	4	95090000	95100000
4	98140000	98150000	4	99050000	99060000
4	98140000	98150000	4	99400000	99410000
4	102430000	102440000	4	103080000	103090000
1	23090000	23100000	1	23180000	23190000
4	102440000	102450000	4	102610000	102620000
4	105140000	105150000	4	105460000	105470000
4	108000000	108010000	4	109820000	109830000
4	108020000	108030000	4	108570000	108580000
1	23550000	23560000	1	23630000	23640000
4	109420000	109430000	4	109810000	109820000
4	109420000	109430000	4	110510000	110520000
4	110000000	110010000	4	110510000	110520000
4	110000000	110010000	4	110610000	110620000
4	110000000	110010000	4	111270000	111280000
4	110000000	110010000	4	111630000	111640000
4	110000000	110010000	4	111840000	111850000
4	110000000	110010000	4	111930000	111940000
4	110510000	110520000	4	112030000	112040000
4	110620000	110630000	4	111630000	111640000
4	110620000	110630000	4	112040000	112050000
4	110620000	110630000	4	112510000	112520000
4	110630000	110640000	4	111280000	111290000
4	110630000	110640000	4	111850000	111860000
4	112090000	112100000	4	112510000	112520000
1	24390000	24400000	1	24820000	24830000
4	118760000	118770000	4	118960000	118970000
4	121890000	121900000	4	122920000	122930000
4	122750000	122760000	4	122910000	122920000
4	145150000	145160000	4	147090000	147100000
4	147010000	147020000	4	147860000	147870000
4	147160000	147170000	4	147860000	147870000
4	147710000	147720000	4	147860000	147870000
4	150300000	150310000	4	150860000	150870000
4	151120000	151130000	4	152380000	152390000
4	151270000	151280000	4	152380000	152390000
4	152060000	152070000	4	152340000	152350000
1	24850000	24860000	1	25800000	25810000
4	152840000	152850000	4	153580000	153590000
4	153340000	153350000	4	153570000	153580000
4	154330000	154340000	4	154500000	154510000
4	154330000	154340000	4	154620000	154630000
4	154550000	154560000	4	155370000	155380000
1	25500000	25510000	1	25800000	25810000
4	158720000	158730000	4	159440000	159450000
1	25890000	25900000	1	26000000	26010000
4	169010000	169020000	4	169480000	169490000
4	173000000	173010000	4	174300000	174310000
4	173310000	173320000	4	174290000	174300000
1	27850000	27860000	1	27980000	27990000
5	2740000	2750000	5	3590000	3600000
1	27850000	27860000	1	28210000	28220000
5	4880000	4890000	5	6740000	6750000
5	5490000	5500000	5	6740000	6750000
5	6290000	6300000	5	6740000	6750000
5	6620000	6630000	5	6730000	6740000
5	10280000	10290000	5	10410000	10420000
1	28090000	28100000	1	28200000	28210000
5	14680000	14690000	5	15010000	15020000
5	16480000	16490000	5	17190000	17200000
1	28880000	28890000	1	29030000	29040000
5	17210000	17220000	5	18300000	18310000
5	37040000	37050000	5	38950000	38960000
5	37320000	37330000	5	38950000	38960000
1	28880000	28890000	1	29200000	29210000
5	39370000	39380000	5	39550000	39560000
5	39370000	39380000	5	40720000	40730000
5	40370000	40380000	5	40670000	40680000
5	40500000	40510000	5	40670000	40680000
1	28890000	28900000	1	30700000	30710000
5	40750000	40760000	5	40870000	40880000
5	53100000	53110000	5	54220000	54230000
5	54510000	54520000	5	54850000	54860000
5	54510000	54520000	5	55150000	55160000
5	55170000	55180000	5	55690000	55700000
5	55320000	55330000	5	55690000	55700000
5	55940000	55950000	5	56200000	56210000
1	29230000	29240000	1	30780000	30790000
5	55940000	55950000	5	56830000	56840000
5	55940000	55950000	5	57240000	57250000
5	56830000	56840000	5	58460000	58470000
5	56900000	56910000	5	57210000	57220000
5	56900000	56910000	5	58460000	58470000
5	57230000	57240000	5	58460000	58470000
5	57300000	57310000	5	58450000	58460000
1	29230000	29240000	1	30930000	30940000
5	57410000	57420000	5	58450000	58460000
5	57500000	57510000	5	58450000	58460000
5	57770000	57780000	5	58460000	58470000
5	60950000	60960000	5	62350000	62360000
5	61050000	61060000	5	61650000	61660000
5	61050000	61060000	5	61930000	61940000
5	61160000	61170000	5	61330000	61340000
5	62440000	62450000	5	64210000	64220000
5	62450000	62460000	5	63960000	63970000
5	64630000	64640000	5	64780000	64790000
5	64800000	64810000	5	65480000	65490000
1	30720000	30730000	1	30920000	30930000
5	64960000	64970000	5	65480000	65490000
5	66170000	66180000	5	66760000	66770000
5	68280000	68290000	5	69030000	69040000
5	68290000	68300000	5	68450000	68460000
5	72130000	72140000	5	72300000	72310000
5	73300000	73310000	5	73440000	73450000
5	32230000	32240000	5	32600000	32610000
5	32400000	32410000	5	32590000	32600000
1	31180000	31190000	1	31540000	31550000
5	33450000	33460000	5	34460000	34470000
5	33450000	33460000	5	34910000	34920000
5	35080000	35090000	5	35930000	35940000
5	35640000	35650000	5	35920000	35930000
5	35770000	35780000	5	35920000	35930000
5	36060000	36070000	5	36690000	36700000
5	36730000	36740000	5	36950000	36960000
1	31650000	31660000	1	31960000	31970000
5	112170000	112180000	5	112750000	112760000
5	112550000	112560000	5	112750000	112760000
5	112990000	113000000	5	113510000	113520000
5	113000000	113010000	5	113320000	113330000
5	115300000	115310000	5	115830000	115840000
5	115620000	115630000	5	115830000	115840000
5	115630000	115640000	5	116060000	116070000
5	122510000	122520000	5	123350000	123360000
5	93580000	93590000	5	93900000	93910000
5	96340000	96350000	5	97160000	97170000
5	96760000	96770000	5	97150000	97160000
5	102580000	102590000	5	103130000	103140000
5	102780000	102790000	5	103120000	103130000
5	73900000	73910000	5	74650000	74660000
5	76600000	76610000	5	76770000	76780000
5	76870000	76880000	5	77010000	77020000
5	77130000	77140000	5	77430000	77440000
1	34780000	34790000	1	35290000	35300000
5	79020000	79030000	5	80070000	80080000
5	79130000	79140000	5	80070000	80080000
5	81420000	81430000	5	82160000	82170000
1	35570000	35580000	1	35720000	35730000
5	83720000	83730000	5	84250000	84260000
5	87410000	87420000	5	88680000	88690000
5	88720000	88730000	5	90260000	90270000
1	36100000	36110000	1	36280000	36290000
5	88720000	88730000	5	90390000	90400000
1	36100000	36110000	1	36420000	36430000
5	129900000	129910000	5	131410000	131420000
5	131140000	131150000	5	131390000	131400000
5	131590000	131600000	5	132010000	132020000
5	131590000	131600000	5	132060000	132070000
5	132070000	132080000	5	132370000	132380000
5	132380000	132390000	5	132880000	132890000
5	133100000	133110000	5	134030000	134040000
5	133100000	133110000	5	134140000	134150000
5	134040000	134050000	5	134140000	134150000
5	134300000	134310000	5	134570000	134580000
5	134780000	134790000	5	135330000	135340000
5	135460000	135470000	5	135830000	135840000
5	135880000	135890000	5	136070000	136080000
5	135880000	135890000	5	136200000	136210000
5	135950000	135960000	5	136070000	136080000
5	137310000	137320000	5	138130000	138140000
5	137630000	137640000	5	138130000	138140000
5	137770000	137780000	5	138130000	138140000
5	138180000	138190000	5	138400000	138410000
5	138180000	138190000	5	138500000	138510000
5	139420000	139430000	5	139620000	139630000
5	139420000	139430000	5	139760000	139770000
1	110190000	110200000	1	110460000	110470000
5	139790000	139800000	5	140720000	140730000
5	140360000	140370000	5	140710000	140720000
5	141230000	141240000	5	141560000	141570000
5	141220000	141230000	5	142130000	142140000
5	141220000	141230000	5	142690000	142700000
5	141220000	141230000	5	142880000	142890000
5	141340000	141350000	5	141550000	141560000
5	141410000	141420000	5	141550000	141560000
5	141580000	141590000	5	142130000	142140000
5	141670000	141680000	5	142700000	142710000
5	141670000	141680000	5	142880000	142890000
5	141690000	141700000	5	141960000	141970000
5	141680000	141690000	5	142130000	142140000
5	141990000	142000000	5	142130000	142140000
5	142150000	142160000	5	142690000	142700000
5	142730000	142740000	5	142870000	142880000
5	143000000	143010000	5	143810000	143820000
5	143000000	143010000	5	144170000	144180000
5	143390000	143400000	5	143810000	143820000
1	110620000	110630000	1	110760000	110770000
5	168260000	168270000	5	169300000	169310000
5	168990000	169000000	5	169300000	169310000
5	170260000	170270000	5	170620000	170630000
5	170640000	170650000	5	171900000	171910000
1	110620000	110630000	1	111770000	111780000
5	170640000	170650000	5	172050000	172060000
5	171400000	171410000	5	172180000	172190000
5	171410000	171420000	5	172690000	172700000
5	171410000	171420000	5	171900000	171910000
5	171410000	171420000	5	172040000	172050000
5	171410000	171420000	5	172280000	172290000
5	172470000	172480000	5	172930000	172940000
1	111480000	111490000	1	111760000	111770000
5	172710000	172720000	5	172930000	172940000
5	173610000	173620000	5	173970000	173980000
5	173610000	173620000	5	174310000	174320000
5	174040000	174050000	5	174310000	174320000
5	176660000	176670000	5	177090000	177100000
5	178270000	178280000	5	178570000	178580000
5	144200000	144210000	5	146120000	146130000
5	145680000	145690000	5	146130000	146140000
5	146260000	146270000	5	146460000	146470000
5	147450000	147460000	5	147820000	147830000
5	147620000	147630000	5	147820000	147830000
5	147870000	147880000	5	149110000	149120000
5	147870000	147880000	5	148720000	148730000
1	2180000	2190000	1	3420000	3430000
1	114970000	114980000	1	116480000	116490000
5	147870000	147880000	5	149570000	149580000
5	148440000	148450000	5	149030000	149040000
5	148440000	148450000	5	149110000	149120000
5	148440000	148450000	5	149560000	149570000
5	149830000	149840000	5	149980000	149990000
5	149830000	149840000	5	150220000	150230000
5	150560000	150570000	5	150840000	150850000
5	151120000	151130000	5	151650000	151660000
5	153490000	153500000	5	153950000	153960000
5	153980000	153990000	5	154400000	154410000
5	154070000	154080000	5	154400000	154410000
5	154470000	154480000	5	154610000	154620000
5	154650000	154660000	5	154810000	154820000
5	157150000	157160000	5	157310000	157320000
5	157150000	157160000	5	157730000	157740000
5	157340000	157350000	5	159120000	159130000
5	157350000	157360000	5	157730000	157740000
5	159160000	159170000	5	160380000	160390000
5	160040000	160050000	5	160360000	160370000
5	160200000	160210000	5	160340000	160350000
1	116550000	116560000	1	117060000	117070000
6	1600000	1610000	6	2630000	2640000
6	1590000	1600000	6	2740000	2750000
6	1600000	1610000	6	2100000	2110000
6	1600000	1610000	6	2190000	2200000
6	1600000	1610000	6	2350000	2360000
6	1600000	1610000	6	3050000	3060000
6	2750000	2760000	6	4000000	4010000
6	2840000	2850000	6	2920000	2930000
6	2990000	3000000	6	4000000	4010000
6	3120000	3130000	6	3250000	3260000
6	3280000	3290000	6	3720000	3730000
6	4050000	4060000	6	5390000	5400000
6	4060000	4070000	6	4930000	4940000
1	117510000	117520000	1	117890000	117900000
6	5460000	5470000	6	6000000	6010000
6	7270000	7280000	6	8040000	8050000
6	7720000	7730000	6	7990000	8000000
6	10490000	10500000	6	11570000	11580000
6	12910000	12920000	6	13320000	13330000
1	7660000	7670000	1	8340000	8350000
6	17150000	17160000	6	17810000	17820000
6	63350000	63360000	6	63770000	63780000
6	70300000	70310000	6	71020000	71030000
6	72410000	72420000	6	73170000	73180000
1	77150000	77160000	1	77530000	77540000
6	39350000	39360000	6	41050000	41060000
1	77970000	77980000	1	78640000	78650000
6	39980000	39990000	6	41040000	41050000
6	41360000	41370000	6	41680000	41690000
6	41360000	41370000	6	41770000	41780000
6	41360000	41370000	6	42050000	42060000
6	41360000	41370000	6	42880000	42890000
6	41400000	41410000	6	41580000	41590000
6	41780000	41790000	6	42040000	42050000
6	41780000	41790000	6	42210000	42220000
6	41780000	41790000	6	42880000	42890000
6	41930000	41940000	6	42030000	42040000
6	42070000	42080000	6	42880000	42890000
6	42660000	42670000	6	42870000	42880000
6	42660000	42670000	6	43140000	43150000
6	42900000	42910000	6	43140000	43150000
6	42910000	42920000	6	44070000	44080000
6	45420000	45430000	6	45710000	45720000
6	45930000	45940000	6	46400000	46410000
6	46080000	46090000	6	46400000	46410000
6	46420000	46430000	6	47040000	47050000
6	47090000	47100000	6	47300000	47310000
6	47790000	47800000	6	49400000	49410000
6	50810000	50820000	6	52020000	52030000
6	50810000	50820000	6	52250000	52260000
6	52280000	52290000	6	52380000	52390000
6	52280000	52290000	6	52660000	52670000
6	52410000	52420000	6	53060000	53070000
6	52410000	52420000	6	52660000	52670000
6	53980000	53990000	6	55060000	55070000
6	53980000	53990000	6	55240000	55250000
1	84140000	84150000	1	84760000	84770000
6	20400000	20410000	6	20520000	20530000
6	24870000	24880000	6	25010000	25020000
6	26030000	26040000	6	27140000	27150000
6	26030000	26040000	6	27820000	27830000
1	84940000	84950000	1	85250000	85260000
6	26030000	26040000	6	27880000	27890000
6	26190000	26200000	6	27140000	27150000
6	26180000	26190000	6	26560000	26570000
6	26200000	26210000	6	27820000	27830000
6	26310000	26320000	6	27130000	27140000
6	27140000	27150000	6	27890000	27900000
6	28680000	28690000	6	29580000	29590000
6	30480000	30490000	6	30600000	30610000
6	33580000	33590000	6	34150000	34160000
6	33770000	33780000	6	34020000	34030000
6	33760000	33770000	6	34140000	34150000
6	35300000	35310000	6	35450000	35460000
6	36610000	36620000	6	36750000	36760000
6	36610000	36620000	6	37000000	37010000
6	36760000	36770000	6	37000000	37010000
6	36880000	36890000	6	37200000	37210000
6	37020000	37030000	6	37190000	37200000
6	37480000	37490000	6	37690000	37700000
6	73510000	73520000	6	75220000	75230000
6	73650000	73660000	6	75220000	75230000
1	85310000	85320000	1	86350000	86360000
6	73710000	73720000	6	75600000	75610000
6	73850000	73860000	6	75200000	75210000
6	75270000	75280000	6	75520000	75530000
6	75930000	75940000	6	77450000	77460000
6	80600000	80610000	6	81750000	81760000
6	80600000	80610000	6	82170000	82180000
6	82260000	82270000	6	83050000	83060000
6	82260000	82270000	6	83510000	83520000
1	86380000	86390000	1	87080000	87090000
6	83210000	83220000	6	84220000	84230000
6	83220000	83230000	6	83510000	83520000
6	83410000	83420000	6	83510000	83520000
6	85360000	85370000	6	85470000	85480000
6	88980000	88990000	6	89350000	89360000
6	88980000	88990000	6	89610000	89620000
6	90290000	90300000	6	90380000	90390000
6	93030000	93040000	6	93410000	93420000
6	99460000	99470000	6	99750000	99760000
6	99470000	99480000	6	100090000	100100000
6	99460000	99470000	6	100650000	100660000
6	106590000	106600000	6	106970000	106980000
6	107970000	107980000	6	108520000	108530000
6	109190000	109200000	6	109380000	109390000
6	109530000	109540000	6	110380000	110390000
6	109700000	109710000	6	110040000	110050000
6	109700000	109710000	6	110380000	110390000
1	88980000	88990000	1	89990000	90000000
6	111710000	111720000	6	112020000	112030000
6	111710000	111720000	6	112160000	112170000
6	112170000	112180000	6	113900000	113910000
6	116250000	116260000	6	116660000	116670000
1	88990000	89000000	1	89450000	89460000
6	116280000	116290000	6	116540000	116550000
6	117350000	117360000	6	118570000	118580000
6	117450000	117460000	6	117560000	117570000
6	119140000	119150000	6	119330000	119340000
1	88990000	89000000	1	89600000	89610000
6	122480000	122490000	6	123310000	123320000
6	125300000	125310000	6	125970000	125980000
6	125300000	125310000	6	127110000	127120000
6	126000000	126010000	6	127530000	127540000
1	88990000	89000000	1	89760000	89770000
6	129490000	129500000	6	130850000	130860000
6	129590000	129600000	6	130020000	130030000
6	129590000	129600000	6	130850000	130860000
6	130310000	130320000	6	130850000	130860000
6	130880000	130890000	6	131110000	131120000
6	130880000	130890000	6	131530000	131540000
6	130880000	130890000	6	131600000	131610000
6	130880000	130890000	6	131900000	131910000
6	130880000	130890000	6	132280000	132290000
6	130880000	130890000	6	132470000	132480000
6	131190000	131200000	6	131530000	131540000
1	89630000	89640000	1	89750000	89760000
6	132530000	132540000	6	133520000	133530000
6	133940000	133950000	6	135430000	135440000
1	89790000	89800000	1	89990000	90000000
6	134150000	134160000	6	135190000	135200000
6	134150000	134160000	6	135430000	135440000
6	134170000	134180000	6	134640000	134650000
6	135000000	135010000	6	135190000	135200000
6	135200000	135210000	6	135420000	135430000
6	136640000	136650000	6	136790000	136800000
1	91510000	91520000	1	91920000	91930000
6	137710000	137720000	6	137860000	137870000
1	91510000	91520000	1	92280000	92290000
1	91510000	91520000	1	92610000	92620000
6	144580000	144590000	6	145210000	145220000
6	145920000	145930000	6	146690000	146700000
6	145930000	145940000	6	146770000	146780000
6	147380000	147390000	6	148460000	148470000
6	148560000	148570000	6	149510000	149520000
6	148570000	148580000	6	148950000	148960000
6	148740000	148750000	6	148940000	148950000
6	149940000	149950000	6	150810000	150820000
6	150060000	150070000	6	150800000	150810000
1	7990000	8000000	1	8840000	8850000
6	151010000	151020000	6	151320000	151330000
6	151430000	151440000	6	152120000	152130000
6	151430000	151440000	6	152260000	152270000
6	151430000	151440000	6	152350000	152360000
6	154150000	154160000	6	154270000	154280000
6	154150000	154160000	6	154660000	154670000
6	154150000	154160000	6	154800000	154810000
6	157320000	157330000	6	157660000	157670000
6	158210000	158220000	6	158970000	158980000
6	158220000	158230000	6	158600000	158610000
6	158700000	158710000	6	158970000	158980000
1	93440000	93450000	1	93840000	93850000
6	159160000	159170000	6	159660000	159670000
6	159690000	159700000	6	160450000	160460000
6	159870000	159880000	6	160090000	160100000
1	93620000	93630000	1	93840000	93850000
6	161100000	161110000	6	161360000	161370000
6	163420000	163430000	6	163950000	163960000
6	163420000	163430000	6	164100000	164110000
6	167000000	167010000	6	167130000	167140000
6	167480000	167490000	6	167890000	167900000
6	167910000	167920000	6	168120000	168130000
7	66560000	66570000	7	66790000	66800000
7	2460000	2470000	7	2670000	2680000
7	2860000	2870000	7	4750000	4760000
7	2870000	2880000	7	3900000	3910000
7	4800000	4810000	7	5080000	5090000
7	4800000	4810000	7	5690000	5700000
7	7090000	7100000	7	8210000	8220000
7	7100000	7110000	7	7530000	7540000
7	11360000	11370000	7	12490000	12500000
7	11420000	11430000	7	12490000	12500000
7	12070000	12080000	7	12490000	12500000
7	16690000	16700000	7	16910000	16920000
1	94050000	94060000	1	94230000	94240000
7	37900000	37910000	7	39520000	39530000
7	38790000	38800000	7	39520000	39530000
7	38790000	38800000	7	40050000	40060000
7	39570000	39580000	7	40050000	40060000
1	94480000	94490000	1	94800000	94810000
7	40330000	40340000	7	41690000	41700000
7	42930000	42940000	7	43710000	43720000
7	43580000	43590000	7	43700000	43710000
7	44580000	44590000	7	44920000	44930000
7	44580000	44590000	7	45120000	45130000
7	47260000	47270000	7	47820000	47830000
7	47260000	47270000	7	48100000	48110000
7	47440000	47450000	7	47810000	47820000
7	47940000	47950000	7	49850000	49860000
7	47950000	47960000	7	48100000	48110000
7	50090000	50100000	7	51150000	51160000
7	50200000	50210000	7	50360000	50370000
7	50210000	50220000	7	50300000	50310000
7	50360000	50370000	7	51150000	51160000
7	55280000	55290000	7	55410000	55420000
7	20780000	20790000	7	21990000	22000000
7	22110000	22120000	7	23700000	23710000
7	23270000	23280000	7	23530000	23540000
7	23560000	23570000	7	24660000	24670000
7	24810000	24820000	7	25080000	25090000
7	25860000	25870000	7	27160000	27170000
7	25880000	25890000	7	26370000	26380000
7	26370000	26380000	7	26660000	26670000
7	26370000	26380000	7	27150000	27160000
7	26370000	26380000	7	27920000	27930000
7	26680000	26690000	7	27150000	27160000
7	27190000	27200000	7	27920000	27930000
7	27190000	27200000	7	28020000	28030000
7	27190000	27200000	7	28090000	28100000
7	27200000	27210000	7	27780000	27790000
7	36470000	36480000	7	37190000	37200000
7	37220000	37230000	7	37500000	37510000
7	37220000	37230000	7	37830000	37840000
7	73860000	73870000	7	74390000	74400000
7	74200000	74210000	7	74390000	74400000
7	77650000	77660000	7	77760000	77770000
7	77940000	77950000	7	79170000	79180000
7	80060000	80070000	7	80660000	80670000
1	9110000	9120000	1	9480000	9490000
7	85040000	85050000	7	85550000	85560000
7	85040000	85050000	7	85740000	85750000
7	85040000	85050000	7	85840000	85850000
7	86920000	86930000	7	87410000	87420000
7	86920000	86930000	7	87890000	87900000
7	87310000	87320000	7	87880000	87890000
7	111090000	111100000	7	111720000	111730000
7	111740000	111750000	7	113420000	113430000
7	111740000	111750000	7	113700000	113710000
7	116250000	116260000	7	116590000	116600000
7	116990000	117000000	7	117110000	117120000
7	120980000	120990000	7	121080000	121090000
7	121120000	121130000	7	121350000	121360000
7	121360000	121370000	7	121540000	121550000
7	121360000	121370000	7	121990000	122000000
7	126800000	126810000	7	127690000	127700000
7	129360000	129370000	7	129630000	129640000
7	129360000	129370000	7	130000000	130010000
7	130070000	130080000	7	130750000	130760000
7	132310000	132320000	7	132570000	132580000
7	134430000	134440000	7	134950000	134960000
7	134630000	134640000	7	135170000	135180000
7	134650000	134660000	7	134950000	134960000
7	134690000	134700000	7	134940000	134950000
7	135270000	135280000	7	135640000	135650000
7	137900000	137910000	7	138000000	138010000
7	139610000	139620000	7	140330000	140340000
7	139770000	139780000	7	139990000	140000000
7	140020000	140030000	7	140320000	140330000
1	107780000	107790000	1	108120000	108130000
7	140170000	140180000	7	140310000	140320000
7	140800000	140810000	7	141530000	141540000
7	142310000	142320000	7	143220000	143230000
7	92610000	92620000	7	93050000	93060000
7	92620000	92630000	7	92830000	92840000
1	109260000	109270000	1	109400000	109410000
7	93250000	93260000	7	94410000	94420000
7	93900000	93910000	7	94080000	94090000
7	93900000	93910000	7	94390000	94400000
7	94440000	94450000	7	95480000	95490000
7	96070000	96080000	7	97020000	97030000
7	98020000	98030000	7	98840000	98850000
7	98290000	98300000	7	98840000	98850000
7	98420000	98430000	7	98840000	98850000
1	150250000	150260000	1	150980000	150990000
7	100460000	100470000	7	100860000	100870000
7	100470000	100480000	7	100560000	100570000
7	100710000	100720000	7	100850000	100860000
1	151090000	151100000	1	152000000	152010000
7	106170000	106180000	7	107150000	107160000
7	106780000	106790000	7	107150000	107160000
7	106940000	106950000	7	107140000	107150000
7	107190000	107200000	7	107880000	107890000
7	107190000	107200000	7	108490000	108500000
1	152650000	152660000	1	153200000	153210000
7	107740000	107750000	7	107870000	107880000
7	108170000	108180000	7	108490000	108500000
7	148260000	148270000	7	148960000	148970000
7	151560000	151570000	7	151760000	151770000
1	152860000	152870000	1	153210000	153220000
7	155800000	155810000	7	156810000	156820000
7	155800000	155810000	7	156980000	156990000
7	155800000	155810000	7	157240000	157250000
1	153350000	153360000	1	155060000	155070000
8	9020000	9030000	8	9820000	9830000
1	153510000	153520000	1	153760000	153770000
8	17590000	17600000	8	17910000	17920000
8	17710000	17720000	8	17900000	17910000
8	36850000	36860000	8	38410000	38420000
8	36860000	36870000	8	38150000	38160000
8	36860000	36870000	8	38720000	38730000
8	37780000	37790000	8	38160000	38170000
1	153520000	153530000	1	153980000	153990000
8	37770000	37780000	8	38400000	38410000
8	37770000	37780000	8	38740000	38750000
8	38180000	38190000	8	38400000	38410000
8	38180000	38190000	8	38720000	38730000
8	38420000	38430000	8	38710000	38720000
8	38830000	38840000	8	38960000	38970000
1	153790000	153800000	1	153970000	153980000
8	41540000	41550000	8	41970000	41980000
8	41540000	41550000	8	42380000	42390000
8	41690000	41700000	8	41970000	41980000
8	41690000	41700000	8	42380000	42390000
8	41980000	41990000	8	42370000	42380000
8	41990000	42000000	8	42150000	42160000
8	42160000	42170000	8	42380000	42390000
8	42690000	42700000	8	42800000	42810000
1	154480000	154490000	1	155050000	155060000
8	42690000	42700000	8	43070000	43080000
8	43090000	43100000	8	43680000	43690000
8	48310000	48320000	8	48920000	48930000
8	51840000	51850000	8	52400000	52410000
8	52110000	52120000	8	52400000	52410000
1	154560000	154570000	1	155050000	155060000
8	52720000	52730000	8	53810000	53820000
8	52960000	52970000	8	53810000	53820000
8	56440000	56450000	8	56920000	56930000
1	156140000	156150000	1	156310000	156320000
8	65830000	65840000	8	66020000	66030000
8	66050000	66060000	8	66420000	66430000
1	156470000	156480000	1	156590000	156600000
8	66450000	66460000	8	66600000	66610000
8	66450000	66460000	8	67050000	67060000
8	70140000	70150000	8	71800000	71810000
8	70140000	70150000	8	70530000	70540000
8	19360000	19370000	8	20370000	20380000
8	22410000	22420000	8	22910000	22920000
8	22430000	22440000	8	22560000	22570000
8	22610000	22620000	8	22910000	22920000
8	22610000	22620000	8	23420000	23430000
8	22620000	22630000	8	23010000	23020000
8	23160000	23170000	8	23410000	23420000
8	23470000	23480000	8	23680000	23690000
1	157170000	157180000	1	158120000	158130000
8	26570000	26580000	8	26650000	26660000
8	26680000	26690000	8	27750000	27760000
8	26680000	26690000	8	27290000	27300000
8	27310000	27320000	8	27590000	27600000
8	27320000	27330000	8	27420000	27430000
8	27450000	27460000	8	27590000	27600000
8	28060000	28070000	8	28420000	28430000
8	28060000	28070000	8	28780000	28790000
8	28360000	28370000	8	28780000	28790000
8	28620000	28630000	8	28780000	28790000
1	157580000	157590000	1	157940000	157950000
8	30060000	30070000	8	30150000	30160000
8	30200000	30210000	8	30560000	30570000
8	32550000	32560000	8	33590000	33600000
8	36850000	36860000	8	37930000	37940000
8	37390000	37400000	8	37690000	37700000
8	109340000	109350000	8	110830000	110840000
1	157960000	157970000	1	159200000	159210000
8	117870000	117880000	8	118110000	118120000
8	120450000	120460000	8	120940000	120950000
1	157970000	157980000	1	158990000	159000000
1	157970000	157980000	1	159070000	159080000
8	125120000	125130000	8	126380000	126390000
8	127730000	127740000	8	128850000	128860000
8	127730000	127740000	8	129550000	129560000
8	127730000	127740000	8	129680000	129690000
8	132190000	132200000	8	133190000	133200000
8	132870000	132880000	8	133190000	133200000
8	133470000	133480000	8	134680000	134690000
8	133480000	133490000	8	133880000	133890000
8	134690000	134700000	8	134880000	134890000
8	134910000	134920000	8	135450000	135460000
8	138760000	138770000	8	139630000	139640000
1	160830000	160840000	1	160950000	160960000
8	140670000	140680000	8	141170000	141180000
8	140670000	140680000	8	141350000	141360000
8	140830000	140840000	8	141170000	141180000
8	140940000	140950000	8	141170000	141180000
8	141500000	141510000	8	142460000	142470000
1	161200000	161210000	1	161370000	161380000
8	73290000	73300000	8	74340000	74350000
8	74090000	74100000	8	74330000	74340000
8	74360000	74370000	8	75370000	75380000
8	79680000	79690000	8	80020000	80030000
8	79680000	79690000	8	80230000	80240000
8	80070000	80080000	8	80980000	80990000
1	161200000	161210000	1	161740000	161750000
8	80060000	80070000	8	81240000	81250000
8	80080000	80090000	8	80220000	80230000
8	80240000	80250000	8	80980000	80990000
8	80610000	80620000	8	80980000	80990000
8	80680000	80690000	8	80970000	80980000
8	85300000	85310000	8	86090000	86100000
8	89710000	89720000	8	90940000	90950000
8	89720000	89730000	8	91070000	91080000
8	89730000	89740000	8	89980000	89990000
8	89840000	89850000	8	89980000	89990000
8	89990000	90000000	8	91070000	91080000
8	90000000	90010000	8	90950000	90960000
8	92070000	92080000	8	93360000	93370000
8	92060000	92070000	8	93640000	93650000
8	92060000	92070000	8	93970000	93980000
8	92070000	92080000	8	92810000	92820000
8	93690000	93700000	8	93960000	93970000
8	94810000	94820000	8	95250000	95260000
8	96320000	96330000	8	98040000	98050000
8	96330000	96340000	8	96460000	96470000
8	96330000	96340000	8	96990000	97000000
8	96330000	96340000	8	97170000	97180000
8	98160000	98170000	8	99860000	99870000
8	98160000	98170000	8	100120000	100130000
8	98940000	98950000	8	99350000	99360000
8	99870000	99880000	8	100540000	100550000
8	100140000	100150000	8	100540000	100550000
8	100140000	100150000	8	100820000	100830000
8	100700000	100710000	8	102250000	102260000
8	100710000	100720000	8	100820000	100830000
1	2190000	2200000	1	2380000	2390000
1	10500000	10510000	1	10940000	10950000
8	100940000	100950000	8	101120000	101130000
8	100940000	100950000	8	101210000	101220000
8	101320000	101330000	8	102260000	102270000
8	102290000	102300000	8	102820000	102830000
8	102650000	102660000	8	102800000	102810000
1	162850000	162860000	1	163310000	163320000
8	104320000	104330000	8	104410000	104420000
8	106700000	106710000	8	107770000	107780000
1	162860000	162870000	1	163170000	163180000
9	68580000	68590000	9	69010000	69020000
9	70340000	70350000	9	70600000	70610000
9	71810000	71820000	9	72010000	72020000
1	182140000	182150000	1	182390000	182400000
9	72860000	72870000	9	73080000	73090000
9	1010000	1020000	9	2080000	2090000
1	182430000	182440000	1	182780000	182790000
9	1710000	1720000	9	2070000	2080000
9	3730000	3740000	9	4110000	4120000
9	4750000	4760000	9	5430000	5440000
1	182450000	182460000	1	182580000	182590000
9	4760000	4770000	9	4980000	4990000
9	5180000	5190000	9	5590000	5600000
9	6050000	6060000	9	6560000	6570000
9	6580000	6590000	9	6740000	6750000
9	13420000	13430000	9	14770000	14780000
1	182590000	182600000	1	182780000	182790000
1	182860000	182870000	1	184710000	184720000
9	19060000	19070000	9	19170000	19180000
9	19060000	19070000	9	19370000	19380000
9	21160000	21170000	9	22450000	22460000
9	21280000	21290000	9	22440000	22450000
1	183650000	183660000	1	183910000	183920000
9	32370000	32380000	9	32970000	32980000
9	32380000	32390000	9	32570000	32580000
9	32380000	32390000	9	33230000	33240000
9	32380000	32390000	9	33470000	33480000
9	32380000	32390000	9	33720000	33730000
9	32580000	32590000	9	32970000	32980000
9	34890000	34900000	9	35470000	35480000
9	34890000	34900000	9	35550000	35560000
9	34890000	34900000	9	35880000	35890000
9	35110000	35120000	9	35470000	35480000
9	36870000	36880000	9	37320000	37330000
9	109110000	109120000	9	110140000	110150000
9	109900000	109910000	9	110140000	110150000
9	111750000	111760000	9	112800000	112810000
1	184710000	184720000	1	186350000	186360000
9	113230000	113240000	9	114370000	114380000
9	113270000	113280000	9	113650000	113660000
9	113290000	113300000	9	113580000	113590000
9	113300000	113310000	9	113400000	113410000
1	184800000	184810000	1	185160000	185170000
9	113440000	113450000	9	113650000	113660000
9	113440000	113450000	9	114290000	114300000
9	113440000	113450000	9	113580000	113590000
9	114420000	114430000	9	114650000	114660000
9	114420000	114430000	9	114910000	114920000
1	184800000	184810000	1	185680000	185690000
9	114740000	114750000	9	114900000	114910000
9	117640000	117650000	9	119360000	119370000
9	121320000	121330000	9	122810000	122820000
1	184800000	184810000	1	186210000	186220000
9	122120000	122130000	9	122800000	122810000
9	122110000	122120000	9	123360000	123370000
1	184800000	184810000	1	184970000	184980000
9	122340000	122350000	9	123360000	123370000
9	122460000	122470000	9	122800000	122810000
9	122470000	122480000	9	122980000	122990000
9	123080000	123090000	9	123350000	123360000
9	123400000	123410000	9	124030000	124040000
9	123400000	123410000	9	124110000	124120000
9	123400000	123410000	9	124530000	124540000
9	123400000	123410000	9	124700000	124710000
9	123540000	123550000	9	124010000	124020000
9	124130000	124140000	9	124290000	124300000
9	124770000	124780000	9	124850000	124860000
9	125250000	125260000	9	126390000	126400000
9	125250000	125260000	9	126480000	126490000
9	125400000	125410000	9	126480000	126490000
9	125410000	125420000	9	126390000	126400000
9	126300000	126310000	9	126390000	126400000
9	126310000	126320000	9	126480000	126490000
1	185300000	185310000	1	185670000	185680000
9	126500000	126510000	9	127920000	127930000
9	126940000	126950000	9	127920000	127930000
9	126940000	126950000	9	127480000	127490000
9	127210000	127220000	9	127720000	127730000
9	127210000	127220000	9	127920000	127930000
9	127500000	127510000	9	127920000	127930000
9	127590000	127600000	9	127910000	127920000
9	75260000	75270000	9	76700000	76710000
9	79580000	79590000	9	79680000	79690000
9	86420000	86430000	9	87660000	87670000
9	86480000	86490000	9	87660000	87670000
9	87340000	87350000	9	87660000	87670000
9	88720000	88730000	9	88990000	89000000
9	89600000	89610000	9	89920000	89930000
9	90910000	90920000	9	91420000	91430000
1	197520000	197530000	1	198690000	198700000
9	92950000	92960000	9	93300000	93310000
9	93000000	93010000	9	93300000	93310000
9	93100000	93110000	9	93300000	93310000
9	94670000	94680000	9	95130000	95140000
9	94670000	94680000	9	96310000	96320000
9	94780000	94790000	9	95120000	95130000
9	96320000	96330000	9	96650000	96660000
9	96860000	96870000	9	98780000	98790000
9	97700000	97710000	9	98780000	98790000
9	97920000	97930000	9	98260000	98270000
9	97920000	97930000	9	98780000	98790000
9	98060000	98070000	9	98780000	98790000
9	98070000	98080000	9	98260000	98270000
9	98310000	98320000	9	98770000	98780000
9	98830000	98840000	9	100320000	100330000
9	98840000	98850000	9	100590000	100600000
9	98840000	98850000	9	99140000	99150000
9	104770000	104780000	9	105700000	105710000
9	105610000	105620000	9	107170000	107180000
9	107490000	107500000	9	107630000	107640000
9	129130000	129140000	9	129610000	129620000
9	129130000	129140000	9	129780000	129790000
9	129130000	129140000	9	130230000	130240000
9	129620000	129630000	9	129780000	129790000
9	130460000	130470000	9	130680000	130690000
9	130460000	130470000	9	130860000	130870000
9	130460000	130470000	9	131040000	131050000
9	130700000	130710000	9	131040000	131050000
9	131160000	131170000	9	131470000	131480000
9	131170000	131180000	9	131330000	131340000
9	131590000	131600000	9	131740000	131750000
9	132410000	132420000	9	132970000	132980000
1	11040000	11050000	1	11640000	11650000
9	133030000	133040000	9	133480000	133490000
9	133520000	133530000	9	133990000	134000000
9	133530000	133540000	9	133710000	133720000
9	133780000	133790000	9	133990000	134000000
9	134160000	134170000	9	134730000	134740000
9	135080000	135090000	9	135410000	135420000
1	201530000	201540000	1	201970000	201980000
9	135600000	135610000	9	136120000	136130000
9	135600000	135610000	9	136630000	136640000
9	135960000	135970000	9	136120000	136130000
9	136320000	136330000	9	136640000	136650000
9	136780000	136790000	9	137040000	137050000
9	136790000	136800000	9	137220000	137230000
1	202000000	202010000	1	202720000	202730000
10	43680000	43690000	10	44380000	44390000
10	46030000	46040000	10	47280000	47290000
10	48360000	48370000	10	48650000	48660000
10	48970000	48980000	10	49510000	49520000
10	50990000	51000000	10	52780000	52790000
1	202190000	202200000	1	202310000	202320000
10	50990000	51000000	10	52480000	52490000
10	52300000	52310000	10	52770000	52780000
10	52310000	52320000	10	52480000	52490000
1	202180000	202190000	1	202710000	202720000
10	59630000	59640000	10	59810000	59820000
10	62040000	62050000	10	62240000	62250000
10	63200000	63210000	10	63630000	63640000
10	69000000	69010000	10	69100000	69110000
10	69410000	69420000	10	69630000	69640000
10	69640000	69650000	10	69910000	69920000
10	70550000	70560000	10	70880000	70890000
1	202740000	202750000	1	202990000	203000000
10	71310000	71320000	10	71700000	71710000
10	71310000	71320000	10	71810000	71820000
10	71310000	71320000	10	71890000	71900000
10	72120000	72130000	10	72330000	72340000
1	203260000	203270000	1	203700000	203710000
10	21510000	21520000	10	22330000	22340000
10	22000000	22010000	10	22980000	22990000
10	22000000	22010000	10	22320000	22330000
10	23310000	23320000	10	23690000	23700000
10	25720000	25730000	10	26560000	26570000
1	203860000	203870000	1	204130000	204140000
10	26720000	26730000	10	26870000	26880000
10	26730000	26740000	10	27350000	27360000
1	11040000	11050000	1	11890000	11900000
1	203860000	203870000	1	204360000	204370000
10	28430000	28440000	10	28590000	28600000
10	28650000	28660000	10	29490000	29500000
10	29990000	30000000	10	30370000	30380000
10	30650000	30660000	10	32370000	32380000
10	30720000	30730000	10	31800000	31810000
1	204160000	204170000	1	204370000	204380000
10	34660000	34670000	10	35020000	35030000
1	204430000	204440000	1	204800000	204810000
10	35120000	35130000	10	35210000	35220000
10	1100000	1110000	10	3040000	3050000
10	4810000	4820000	10	6090000	6100000
10	4830000	4840000	10	5400000	5410000
10	4820000	4830000	10	5890000	5900000
10	4820000	4830000	10	6400000	6410000
10	4820000	4830000	10	6670000	6680000
10	4830000	4840000	10	5610000	5620000
10	6100000	6110000	10	6670000	6680000
1	204810000	204820000	1	205240000	205250000
10	6910000	6920000	10	7410000	7420000
1	204980000	204990000	1	205510000	205520000
10	12230000	12240000	10	13080000	13090000
10	12230000	12240000	10	12690000	12700000
10	13360000	13370000	10	15100000	15110000
10	13650000	13660000	10	13770000	13780000
10	14190000	14200000	10	15100000	15110000
10	14510000	14520000	10	15100000	15110000
10	14510000	14520000	10	14820000	14830000
10	14510000	14520000	10	14940000	14950000
1	204980000	204990000	1	205250000	205260000
10	14590000	14600000	10	14820000	14830000
1	205790000	205800000	1	205970000	205980000
10	17600000	17610000	10	18220000	18230000
10	17600000	17610000	10	17860000	17870000
10	109890000	109900000	10	110270000	110280000
10	109890000	109900000	10	110580000	110590000
10	110130000	110140000	10	110570000	110580000
10	110300000	110310000	10	110890000	110900000
10	110310000	110320000	10	110560000	110570000
10	113700000	113710000	10	114110000	114120000
10	113700000	113710000	10	114700000	114710000
10	114460000	114470000	10	115120000	115130000
1	206490000	206500000	1	206590000	206600000
10	116680000	116690000	10	117170000	117180000
10	119200000	119210000	10	119420000	119430000
10	119750000	119760000	10	120330000	120340000
1	11240000	11250000	1	11640000	11650000
1	206610000	206620000	1	206980000	206990000
10	122140000	122150000	10	122270000	122280000
10	122290000	122300000	10	123560000	123570000
10	123130000	123140000	10	123550000	123560000
1	207080000	207090000	1	207400000	207410000
10	124530000	124540000	10	124740000	124750000
10	125980000	125990000	10	126500000	126510000
10	125980000	125990000	10	126740000	126750000
10	125980000	125990000	10	127840000	127850000
10	74240000	74250000	10	75220000	75230000
10	74250000	74260000	10	75090000	75100000
10	74260000	74270000	10	75010000	75020000
1	207890000	207900000	1	207960000	207970000
10	80380000	80390000	10	80510000	80520000
10	86690000	86700000	10	86960000	86970000
1	208020000	208030000	1	208240000	208250000
10	88980000	88990000	10	89200000	89210000
10	89240000	89250000	10	90860000	90870000
10	89250000	89260000	10	89560000	89570000
10	89430000	89440000	10	90850000	90860000
10	90890000	90900000	10	91250000	91260000
10	93370000	93380000	10	93480000	93490000
10	93370000	93380000	10	94440000	94450000
10	95420000	95430000	10	95850000	95860000
10	95690000	95700000	10	95840000	95850000
10	96630000	96640000	10	96820000	96830000
10	97680000	97690000	10	98040000	98050000
10	97780000	97790000	10	98030000	98040000
10	99390000	99400000	10	99700000	99710000
10	101210000	101220000	10	101780000	101790000
10	102230000	102240000	10	102350000	102360000
10	103890000	103900000	10	104340000	104350000
10	127900000	127910000	10	128140000	128150000
10	128260000	128270000	10	130170000	130180000
10	128270000	128280000	10	129960000	129970000
10	129030000	129040000	10	129960000	129970000
10	129030000	129040000	10	130170000	130180000
10	130190000	130200000	10	132140000	132150000
1	210420000	210430000	1	211130000	211140000
11	44110000	44120000	11	44900000	44910000
11	44290000	44300000	11	44900000	44910000
11	44540000	44550000	11	44900000	44910000
11	44620000	44630000	11	44900000	44910000
1	210430000	210440000	1	211650000	211660000
11	44920000	44930000	11	45320000	45330000
11	44930000	44940000	11	45770000	45780000
11	44940000	44950000	11	45090000	45100000
11	46890000	46900000	11	47150000	47160000
11	1840000	1850000	11	2140000	2150000
11	2030000	2040000	11	2140000	2150000
11	2430000	2440000	11	2890000	2900000
1	210580000	210590000	1	211130000	211140000
11	2530000	2540000	11	2890000	2900000
11	3840000	3850000	11	4060000	4070000
11	4630000	4640000	11	6350000	6360000
11	4640000	4650000	11	5800000	5810000
11	5120000	5130000	11	5800000	5810000
11	6530000	6540000	11	6690000	6700000
11	7100000	7110000	11	8560000	8570000
11	8200000	8210000	11	8560000	8570000
11	9160000	9170000	11	9420000	9430000
11	9760000	9770000	11	10310000	10320000
11	10400000	10410000	11	10730000	10740000
11	10780000	10790000	11	12270000	12280000
1	211310000	211320000	1	211650000	211660000
11	11790000	11800000	11	12270000	12280000
11	11930000	11940000	11	12270000	12280000
11	12050000	12060000	11	12270000	12280000
11	12960000	12970000	11	13350000	13360000
11	13200000	13210000	11	13350000	13360000
11	14300000	14310000	11	14450000	14460000
11	14520000	14530000	11	14890000	14900000
11	15330000	15340000	11	16610000	16620000
11	15650000	15660000	11	16600000	16610000
11	16790000	16800000	11	17510000	17520000
11	16790000	16800000	11	17060000	17070000
11	17220000	17230000	11	17500000	17510000
11	17380000	17390000	11	17500000	17510000
11	22330000	22340000	11	22780000	22790000
11	27690000	27700000	11	28520000	28530000
11	32320000	32330000	11	32790000	32800000
11	33160000	33170000	11	33320000	33330000
11	33360000	33370000	11	33740000	33750000
11	33810000	33820000	11	34470000	34480000
1	212070000	212080000	1	212350000	212360000
11	33810000	33820000	11	35400000	35410000
11	34160000	34170000	11	34460000	34470000
11	34170000	34180000	11	34350000	34360000
11	34180000	34190000	11	35390000	35400000
11	34910000	34920000	11	36490000	36500000
11	34920000	34930000	11	35390000	35400000
1	12120000	12130000	1	12200000	12210000
11	34990000	35000000	11	35390000	35400000
11	35000000	35010000	11	35180000	35190000
11	35610000	35620000	11	36260000	36270000
11	36290000	36300000	11	36480000	36490000
11	36360000	36370000	11	36460000	36470000
11	57340000	57350000	11	57530000	57540000
11	57340000	57350000	11	57640000	57650000
11	57340000	57350000	11	58510000	58520000
11	57340000	57350000	11	59140000	59150000
11	57660000	57670000	11	58510000	58520000
11	57660000	57670000	11	59140000	59150000
11	57810000	57820000	11	58510000	58520000
11	58560000	58570000	11	59140000	59150000
11	59180000	59190000	11	59280000	59290000
1	212070000	212080000	1	212290000	212300000
11	59180000	59190000	11	59420000	59430000
11	59270000	59280000	11	59420000	59430000
11	60260000	60270000	11	60890000	60900000
11	62390000	62400000	11	62860000	62870000
11	62400000	62410000	11	62690000	62700000
11	62410000	62420000	11	62550000	62560000
11	65380000	65390000	11	65500000	65510000
11	65620000	65630000	11	65980000	65990000
11	66400000	66410000	11	66680000	66690000
11	66690000	66700000	11	66880000	66890000
11	69100000	69110000	11	69650000	69660000
11	69290000	69300000	11	69640000	69650000
11	69700000	69710000	11	69890000	69900000
11	72020000	72030000	11	72420000	72430000
11	72470000	72480000	11	72660000	72670000
11	72710000	72720000	11	73170000	73180000
11	72720000	72730000	11	72820000	72830000
11	73960000	73970000	11	74570000	74580000
11	73960000	73970000	11	74450000	74460000
11	74920000	74930000	11	75240000	75250000
1	213120000	213130000	1	214320000	214330000
11	75020000	75030000	11	75240000	75250000
11	75280000	75290000	11	75380000	75390000
11	76200000	76210000	11	76510000	76520000
11	76730000	76740000	11	77610000	77620000
11	78220000	78230000	11	78560000	78570000
1	213240000	213250000	1	214320000	214330000
11	78410000	78420000	11	78560000	78570000
11	82890000	82900000	11	83260000	83270000
11	82910000	82920000	11	83160000	83170000
1	213370000	213380000	1	214330000	214340000
11	86040000	86050000	11	86200000	86210000
11	86940000	86950000	11	87290000	87300000
11	129910000	129920000	11	130130000	130140000
11	130210000	130220000	11	130880000	130890000
1	214220000	214230000	1	214320000	214330000
11	131580000	131590000	11	131670000	131680000
11	132280000	132290000	11	132940000	132950000
11	109850000	109860000	11	111440000	111450000
11	110200000	110210000	11	111430000	111440000
1	12300000	12310000	1	12640000	12650000
11	110450000	110460000	11	111430000	111440000
11	111450000	111460000	11	111770000	111780000
11	111450000	111460000	11	111840000	111850000
11	111560000	111570000	11	111840000	111850000
11	112210000	112220000	11	113280000	113290000
11	112210000	112220000	11	113530000	113540000
1	214330000	214340000	1	215520000	215530000
11	113300000	113310000	11	114260000	114270000
11	113800000	113810000	11	114260000	114270000
11	113890000	113900000	11	114260000	114270000
11	113990000	114000000	11	114260000	114270000
11	114050000	114060000	11	114170000	114180000
11	115330000	115340000	11	117220000	117230000
11	116730000	116740000	11	117220000	117230000
11	117810000	117820000	11	118490000	118500000
11	117820000	117830000	11	118050000	118060000
11	118190000	118200000	11	118480000	118490000
11	118190000	118200000	11	118350000	118360000
11	120510000	120520000	11	121590000	121600000
11	120510000	120520000	11	120940000	120950000
1	214630000	214640000	1	215600000	215610000
11	121240000	121250000	11	121590000	121600000
11	121320000	121330000	11	121570000	121580000
11	121450000	121460000	11	121570000	121580000
11	122650000	122660000	11	122750000	122760000
1	162850000	162860000	1	164780000	164790000
11	122790000	122800000	11	123040000	123050000
11	122860000	122870000	11	123030000	123040000
11	123100000	123110000	11	123560000	123570000
11	124660000	124670000	11	124760000	124770000
11	125610000	125620000	11	126200000	126210000
11	125920000	125930000	11	126190000	126200000
11	95150000	95160000	11	95770000	95780000
11	107560000	107570000	11	108650000	108660000
11	108120000	108130000	11	108650000	108660000
11	108320000	108330000	11	108640000	108650000
12	450000	460000	12	540000	550000
12	560000	570000	12	1590000	1600000
12	810000	820000	12	1590000	1600000
12	1640000	1650000	12	1780000	1790000
12	1640000	1650000	12	1940000	1950000
12	1800000	1810000	12	1930000	1940000
12	2050000	2060000	12	2580000	2590000
12	3130000	3140000	12	3270000	3280000
12	4100000	4110000	12	4270000	4280000
12	5420000	5430000	12	5870000	5880000
12	6940000	6950000	12	7100000	7110000
12	11570000	11580000	12	12330000	12340000
12	12360000	12370000	12	12710000	12720000
12	12370000	12380000	12	13210000	13220000
12	12810000	12820000	12	13210000	13220000
12	12910000	12920000	12	13210000	13220000
12	13100000	13110000	12	13190000	13200000
12	14250000	14260000	12	14360000	14370000
12	14840000	14850000	12	14990000	15000000
12	15580000	15590000	12	15870000	15880000
12	18240000	18250000	12	19190000	19200000
12	18250000	18260000	12	19280000	19290000
12	40150000	40160000	12	40310000	40320000
12	42130000	42140000	12	42330000	42340000
12	46360000	46370000	12	46660000	46670000
12	47710000	47720000	12	47830000	47840000
12	47710000	47720000	12	48170000	48180000
12	49360000	49370000	12	49510000	49520000
12	50500000	50510000	12	50630000	50640000
12	50820000	50830000	12	51340000	51350000
12	52150000	52160000	12	52320000	52330000
12	54000000	54010000	12	54200000	54210000
12	54220000	54230000	12	54370000	54380000
12	55740000	55750000	12	55940000	55950000
12	56750000	56760000	12	57060000	57070000
1	166900000	166910000	1	167440000	167450000
12	56760000	56770000	12	56990000	57000000
12	57820000	57830000	12	57900000	57910000
12	62580000	62590000	12	62790000	62800000
12	63100000	63110000	12	63800000	63810000
1	167060000	167070000	1	167440000	167450000
12	65300000	65310000	12	66090000	66100000
12	65300000	65310000	12	66690000	66700000
1	167070000	167080000	1	167530000	167540000
12	66140000	66150000	12	66400000	66410000
12	67350000	67360000	12	68310000	68320000
12	68350000	68360000	12	68650000	68660000
12	68850000	68860000	12	69250000	69260000
12	69880000	69890000	12	71630000	71640000
1	167070000	167080000	1	167680000	167690000
12	71410000	71420000	12	71630000	71640000
12	21700000	21710000	12	22450000	22460000
12	22070000	22080000	12	22650000	22660000
12	22080000	22090000	12	22450000	22460000
1	167260000	167270000	1	167440000	167450000
12	23200000	23210000	12	24830000	24840000
12	25210000	25220000	12	26020000	26030000
12	25430000	25440000	12	26020000	26030000
12	26100000	26110000	12	26630000	26640000
12	27030000	27040000	12	27300000	27310000
1	2420000	2430000	1	2830000	2840000
12	27430000	27440000	12	27650000	27660000
12	29080000	29090000	12	29310000	29320000
12	31660000	31670000	12	32300000	32310000
12	74690000	74700000	12	75500000	75510000
12	75330000	75340000	12	75490000	75500000
12	75510000	75520000	12	76040000	76050000
12	76620000	76630000	12	76790000	76800000
12	89020000	89030000	12	89520000	89530000
12	89030000	89040000	12	89470000	89480000
12	110100000	110110000	12	110430000	110440000
12	110450000	110460000	12	110590000	110600000
1	168430000	168440000	1	168570000	168580000
12	110610000	110620000	12	110820000	110830000
12	110920000	110930000	12	111300000	111310000
12	113010000	113020000	12	113920000	113930000
12	113050000	113060000	12	113160000	113170000
12	113190000	113200000	12	113430000	113440000
12	115960000	115970000	12	117180000	117190000
12	115990000	116000000	12	116700000	116710000
12	116710000	116720000	12	116870000	116880000
12	117870000	117880000	12	118030000	118040000
12	117870000	117880000	12	118370000	118380000
12	118110000	118120000	12	118370000	118380000
12	118180000	118190000	12	118370000	118380000
12	118400000	118410000	12	119540000	119550000
12	118400000	118410000	12	119650000	119660000
12	118400000	118410000	12	119930000	119940000
12	118980000	118990000	12	119410000	119420000
12	119110000	119120000	12	119410000	119420000
12	120580000	120590000	12	121100000	121110000
12	121550000	121560000	12	121670000	121680000
12	121910000	121920000	12	122190000	122200000
12	122040000	122050000	12	122350000	122360000
12	122130000	122140000	12	122350000	122360000
12	122630000	122640000	12	122750000	122760000
12	122630000	122640000	12	122950000	122960000
12	122780000	122790000	12	122950000	122960000
12	122860000	122870000	12	122950000	122960000
12	122860000	122870000	12	123230000	123240000
12	122860000	122870000	12	123610000	123620000
12	123260000	123270000	12	123600000	123610000
12	124040000	124050000	12	124310000	124320000
12	124350000	124360000	12	124760000	124770000
1	169590000	169600000	1	169710000	169720000
12	92780000	92790000	12	93400000	93410000
12	93500000	93510000	12	94520000	94530000
12	93560000	93570000	12	94090000	94100000
12	93570000	93580000	12	93740000	93750000
12	94540000	94550000	12	95530000	95540000
12	95110000	95120000	12	95530000	95540000
12	95110000	95120000	12	96520000	96530000
12	96240000	96250000	12	96500000	96510000
12	98540000	98550000	12	98660000	98670000
12	99040000	99050000	12	99770000	99780000
12	101410000	101420000	12	101760000	101770000
12	101410000	101420000	12	101830000	101840000
12	101760000	101770000	12	102740000	102750000
12	101930000	101940000	12	102480000	102490000
12	104210000	104220000	12	104350000	104360000
12	105160000	105170000	12	105370000	105380000
12	105420000	105430000	12	106130000	106140000
12	106380000	106390000	12	106920000	106930000
12	106380000	106390000	12	107600000	107610000
12	108550000	108560000	12	109090000	109100000
1	172740000	172750000	1	173830000	173840000
12	108570000	108580000	12	108800000	108810000
12	108660000	108670000	12	108800000	108810000
12	109510000	109520000	12	109770000	109780000
12	128260000	128270000	12	129910000	129920000
12	128260000	128270000	12	130010000	130020000
12	128640000	128650000	12	129900000	129910000
12	128800000	128810000	12	128950000	128960000
12	130040000	130050000	12	130330000	130340000
1	172750000	172760000	1	173200000	173210000
12	130910000	130920000	12	131120000	131130000
12	130910000	130920000	12	131710000	131720000
12	131110000	131120000	12	131710000	131720000
12	131110000	131120000	12	131830000	131840000
12	131840000	131850000	12	131990000	132000000
12	132150000	132160000	12	132400000	132410000
13	39040000	39050000	13	39670000	39680000
13	39040000	39050000	13	40680000	40690000
1	173410000	173420000	1	174990000	175000000
13	39040000	39050000	13	40770000	40780000
13	39410000	39420000	13	39600000	39610000
13	39680000	39690000	13	40690000	40700000
13	39680000	39690000	13	40780000	40790000
1	173420000	173430000	1	173820000	173830000
13	41070000	41080000	13	41220000	41230000
13	42960000	42970000	13	43870000	43880000
13	43900000	43910000	13	45030000	45040000
13	43900000	43910000	13	45490000	45500000
13	44470000	44480000	13	45290000	45300000
1	173430000	173440000	1	173960000	173970000
13	45040000	45050000	13	45490000	45500000
13	45510000	45520000	13	46120000	46130000
13	45510000	45520000	13	46310000	46320000
13	46150000	46160000	13	46310000	46320000
13	46150000	46160000	13	46730000	46740000
13	46350000	46360000	13	46720000	46730000
13	46570000	46580000	13	46670000	46680000
13	48410000	48420000	13	48560000	48570000
13	49660000	49670000	13	50920000	50930000
13	49980000	49990000	13	50910000	50920000
13	51130000	51140000	13	51790000	51800000
13	51450000	51460000	13	51580000	51590000
13	20180000	20190000	13	20830000	20840000
13	20180000	20190000	13	20920000	20930000
13	23470000	23480000	13	23880000	23890000
13	23910000	23920000	13	24220000	24230000
13	24020000	24030000	13	24220000	24230000
13	26960000	26970000	13	27980000	27990000
13	27370000	27380000	13	27970000	27980000
13	28310000	28320000	13	28650000	28660000
13	28300000	28310000	13	29370000	29380000
13	31900000	31910000	13	32310000	32320000
13	32580000	32590000	13	33540000	33550000
13	33930000	33940000	13	35150000	35160000
13	77770000	77780000	13	79530000	79540000
13	78130000	78140000	13	79530000	79540000
13	79420000	79430000	13	79530000	79540000
13	111480000	111490000	13	112880000	112890000
13	112630000	112640000	13	112870000	112880000
13	113460000	113470000	13	113560000	113570000
1	175470000	175480000	1	175740000	175750000
13	97850000	97860000	13	98830000	98840000
13	98440000	98450000	13	98660000	98670000
13	98850000	98860000	13	99020000	99030000
13	99180000	99190000	13	99260000	99270000
1	176370000	176380000	1	177930000	177940000
13	99270000	99280000	13	100510000	100520000
13	99440000	99450000	13	101110000	101120000
13	99660000	99670000	13	100510000	100520000
13	99910000	99920000	13	100510000	100520000
13	99980000	99990000	13	100510000	100520000
1	15120000	15130000	1	15280000	15290000
1	176560000	176570000	1	177940000	177950000
13	101140000	101150000	13	102860000	102870000
13	109140000	109150000	13	109780000	109790000
1	176890000	176900000	1	177940000	177950000
14	20320000	20330000	14	20600000	20610000
14	20320000	20330000	14	20680000	20690000
14	20320000	20330000	14	21090000	21100000
14	20690000	20700000	14	21100000	21110000
14	21240000	21250000	14	21380000	21390000
14	22390000	22400000	14	22980000	22990000
14	22570000	22580000	14	22840000	22850000
14	22570000	22580000	14	22900000	22910000
14	22570000	22580000	14	23560000	23570000
14	22970000	22980000	14	23550000	23560000
14	23080000	23090000	14	23550000	23560000
14	24330000	24340000	14	24420000	24430000
14	32070000	32080000	14	32220000	32230000
14	34670000	34680000	14	35680000	35690000
14	35140000	35150000	14	35680000	35690000
14	44900000	44910000	14	45260000	45270000
14	50320000	50330000	14	50770000	50780000
14	50330000	50340000	14	50520000	50530000
14	51990000	52000000	14	52270000	52280000
14	52000000	52010000	14	52460000	52470000
14	52820000	52830000	14	52950000	52960000
14	52820000	52830000	14	53050000	53060000
14	54560000	54570000	14	54780000	54790000
14	55430000	55440000	14	56480000	56490000
1	179100000	179110000	1	179360000	179370000
14	55440000	55450000	14	57300000	57310000
14	57480000	57490000	14	58070000	58080000
14	58100000	58110000	14	58360000	58370000
14	58490000	58500000	14	59120000	59130000
14	58500000	58510000	14	59440000	59450000
14	58500000	58510000	14	59030000	59040000
14	59120000	59130000	14	59570000	59580000
14	61280000	61290000	14	61730000	61740000
14	61280000	61290000	14	61830000	61840000
14	61300000	61310000	14	61440000	61450000
14	61450000	61460000	14	62120000	62130000
14	61450000	61460000	14	63280000	63290000
14	61460000	61470000	14	61730000	61740000
14	61460000	61470000	14	61830000	61840000
14	63800000	63810000	14	64290000	64300000
14	64010000	64020000	14	64290000	64300000
1	15120000	15130000	1	15430000	15440000
14	64670000	64680000	14	64760000	64770000
14	65410000	65420000	14	65950000	65960000
14	65410000	65420000	14	66070000	66080000
14	66350000	66360000	14	67700000	67710000
14	66360000	66370000	14	67110000	67120000
14	66620000	66630000	14	67110000	67120000
14	67420000	67430000	14	67660000	67670000
14	67430000	67440000	14	67570000	67580000
1	179870000	179880000	1	180030000	180040000
14	68910000	68920000	14	69090000	69100000
14	69590000	69600000	14	69720000	69730000
14	69820000	69830000	14	70960000	70970000
14	70610000	70620000	14	70960000	70970000
1	180510000	180520000	1	180860000	180870000
14	70620000	70630000	14	70800000	70810000
14	72510000	72520000	14	72900000	72910000
14	72510000	72520000	14	73470000	73480000
14	73290000	73300000	14	73460000	73470000
14	92120000	92130000	14	92790000	92800000
14	94030000	94040000	14	94140000	94150000
1	180880000	180890000	1	181150000	181160000
14	94690000	94700000	14	95090000	95100000
14	94690000	94700000	14	95190000	95200000
14	95110000	95120000	14	95420000	95430000
1	181040000	181050000	1	181140000	181150000
14	96290000	96300000	14	96420000	96430000
14	100380000	100390000	14	101660000	101670000
14	101960000	101970000	14	102310000	102320000
14	102050000	102060000	14	102310000	102320000
14	103080000	103090000	14	103290000	103300000
14	103570000	103580000	14	103680000	103690000
14	104080000	104090000	14	104630000	104640000
14	74360000	74370000	14	74800000	74810000
14	74350000	74360000	14	75080000	75090000
14	74600000	74610000	14	74800000	74810000
14	74600000	74610000	14	75080000	75090000
14	74850000	74860000	14	75090000	75100000
14	75140000	75150000	14	75280000	75290000
1	15320000	15330000	1	15420000	15430000
1	219990000	220000000	1	220780000	220790000
14	76050000	76060000	14	77070000	77080000
14	76050000	76060000	14	76350000	76360000
14	76050000	76060000	14	76640000	76650000
14	76870000	76880000	14	77300000	77310000
14	77300000	77310000	14	78590000	78600000
1	220190000	220200000	1	220770000	220780000
14	81270000	81280000	14	81450000	81460000
1	220280000	220290000	1	220770000	220780000
14	87940000	87950000	14	88160000	88170000
14	87940000	87950000	14	88380000	88390000
14	87940000	87950000	14	88560000	88570000
14	88660000	88670000	14	89910000	89920000
14	89960000	89970000	14	91280000	91290000
1	220810000	220820000	1	222430000	222440000
14	90280000	90290000	14	91280000	91290000
14	90290000	90300000	14	91160000	91170000
14	90390000	90400000	14	90690000	90700000
14	90900000	90910000	14	91160000	91170000
14	90900000	90910000	14	91280000	91290000
14	91180000	91190000	14	91280000	91290000
14	91320000	91330000	14	91480000	91490000
15	25510000	25520000	15	26860000	26870000
15	25690000	25700000	15	26260000	26270000
15	25730000	25740000	15	25910000	25920000
15	38460000	38470000	15	38680000	38690000
15	38560000	38570000	15	38670000	38680000
15	38720000	38730000	15	39580000	39590000
15	39160000	39170000	15	39740000	39750000
15	39780000	39790000	15	40420000	40430000
15	39790000	39800000	15	40270000	40280000
15	40040000	40050000	15	40270000	40280000
15	41460000	41470000	15	41810000	41820000
15	41770000	41780000	15	41900000	41910000
15	41990000	42000000	15	42460000	42470000
15	43890000	43900000	15	44490000	44500000
15	45150000	45160000	15	45430000	45440000
15	45150000	45160000	15	45610000	45620000
15	49230000	49240000	15	50140000	50150000
15	50680000	50690000	15	50880000	50890000
1	223130000	223140000	1	223680000	223690000
15	52250000	52260000	15	52730000	52740000
15	56490000	56500000	15	57210000	57220000
15	59150000	59160000	15	59490000	59500000
1	17060000	17070000	1	17400000	17410000
1	224510000	224520000	1	224850000	224860000
15	60360000	60370000	15	60510000	60520000
15	65600000	65610000	15	66490000	66500000
15	71110000	71120000	15	71440000	71450000
15	72200000	72210000	15	73260000	73270000
1	225480000	225490000	1	225770000	225780000
15	72710000	72720000	15	73070000	73080000
15	72710000	72720000	15	73260000	73270000
15	73290000	73300000	15	73700000	73710000
15	92090000	92100000	15	92710000	92720000
15	92390000	92400000	15	92700000	92710000
15	92800000	92810000	15	92910000	92920000
15	92940000	92950000	15	94120000	94130000
15	93060000	93070000	15	93980000	93990000
15	95260000	95270000	15	96330000	96340000
15	99270000	99280000	15	99730000	99740000
15	99920000	99930000	15	100590000	100600000
15	101020000	101030000	15	101260000	101270000
15	101090000	101100000	15	101250000	101260000
15	101300000	101310000	15	101630000	101640000
15	73280000	73290000	15	74320000	74330000
15	73960000	73970000	15	74310000	74320000
15	74370000	74380000	15	74620000	74630000
15	74630000	74640000	15	74760000	74770000
15	74630000	74640000	15	74950000	74960000
15	74630000	74640000	15	75210000	75220000
15	74780000	74790000	15	75210000	75220000
15	75030000	75040000	15	75200000	75210000
15	78110000	78120000	15	78230000	78240000
15	79370000	79380000	15	80170000	80180000
15	80450000	80460000	15	80770000	80780000
15	80560000	80570000	15	80770000	80780000
15	81270000	81280000	15	81390000	81400000
15	82840000	82850000	15	82990000	83000000
15	88250000	88260000	15	88440000	88450000
15	88620000	88630000	15	89170000	89180000
15	89740000	89750000	15	90210000	90220000
15	89750000	89760000	15	90070000	90080000
15	89890000	89900000	15	90070000	90080000
15	90320000	90330000	15	90470000	90480000
15	90640000	90650000	15	90880000	90890000
16	19590000	19600000	16	20380000	20390000
16	21160000	21170000	16	22320000	22330000
16	21970000	21980000	16	22290000	22300000
16	22200000	22210000	16	22290000	22300000
16	23730000	23740000	16	24030000	24040000
1	17120000	17130000	1	17230000	17240000
1	229650000	229660000	1	230300000	230310000
16	46670000	46680000	16	46910000	46920000
16	46680000	46690000	16	46800000	46810000
16	47140000	47150000	16	48150000	48160000
16	48240000	48250000	16	48620000	48630000
16	48360000	48370000	16	48610000	48620000
16	50030000	50040000	16	50770000	50780000
16	53050000	53060000	16	53150000	53160000
16	53050000	53060000	16	53210000	53220000
16	54280000	54290000	16	54930000	54940000
16	55460000	55470000	16	56320000	56330000
16	55470000	55480000	16	57160000	57170000
16	55710000	55720000	16	56320000	56330000
1	232630000	232640000	1	233170000	233180000
16	55940000	55950000	16	56320000	56330000
16	57570000	57580000	16	58000000	58010000
16	57750000	57760000	16	58000000	58010000
16	66490000	66500000	16	66580000	66590000
16	67530000	67540000	16	67640000	67650000
16	67670000	67680000	16	67930000	67940000
16	67670000	67680000	16	68040000	68050000
16	68530000	68540000	16	69120000	69130000
1	232640000	232650000	1	233020000	233030000
16	69150000	69160000	16	69290000	69300000
16	72120000	72130000	16	72460000	72470000
16	810000	820000	16	1090000	1100000
16	2010000	2020000	16	2490000	2500000
16	8570000	8580000	16	8880000	8890000
16	8570000	8580000	16	9130000	9140000
16	8660000	8670000	16	8880000	8890000
16	10520000	10530000	16	10910000	10920000
16	10750000	10760000	16	10900000	10910000
16	10960000	10970000	16	11390000	11400000
16	10960000	10970000	16	11880000	11890000
1	234500000	234510000	1	234600000	234610000
16	10960000	10970000	16	11970000	11980000
16	10970000	10980000	16	11520000	11530000
16	11400000	11410000	16	11710000	11720000
16	13930000	13940000	16	14530000	14540000
16	14250000	14260000	16	14520000	14530000
16	19080000	19090000	16	19500000	19510000
1	234600000	234610000	1	234970000	234980000
16	19590000	19600000	16	19880000	19890000
16	74700000	74710000	16	75390000	75400000
16	75000000	75010000	16	75100000	75110000
16	75200000	75210000	16	75760000	75770000
16	75220000	75230000	16	75390000	75400000
16	78130000	78140000	16	80080000	80090000
1	234600000	234610000	1	235080000	235090000
16	81000000	81010000	16	81720000	81730000
16	81360000	81370000	16	81720000	81730000
16	81360000	81370000	16	81870000	81880000
16	81410000	81420000	16	81610000	81620000
16	81750000	81760000	16	81850000	81860000
16	83820000	83830000	16	84060000	84070000
16	83950000	83960000	16	84480000	84490000
16	84750000	84760000	16	84960000	84970000
16	85820000	85830000	16	86510000	86520000
16	86070000	86080000	16	86510000	86520000
16	86560000	86570000	16	87280000	87290000
16	86560000	86570000	16	87630000	87640000
16	87410000	87420000	16	87630000	87640000
17	19310000	19320000	17	21270000	21280000
17	27360000	27370000	17	27590000	27600000
17	28730000	28740000	17	28920000	28930000
17	28960000	28970000	17	29100000	29110000
17	29600000	29610000	17	30090000	30100000
17	29630000	29640000	17	29930000	29940000
17	29650000	29660000	17	29760000	29770000
17	29800000	29810000	17	30080000	30090000
17	30110000	30120000	17	31520000	31530000
17	31530000	31540000	17	31840000	31850000
17	32250000	32260000	17	32750000	32760000
17	32460000	32470000	17	33750000	33760000
17	32470000	32480000	17	32750000	32760000
17	33780000	33790000	17	34150000	34160000
17	34200000	34210000	17	34350000	34360000
1	236100000	236110000	1	237800000	237810000
17	34410000	34420000	17	35120000	35130000
17	35000000	35010000	17	35100000	35110000
17	35170000	35180000	17	35530000	35540000
17	35310000	35320000	17	35530000	35540000
17	35840000	35850000	17	37230000	37240000
17	36620000	36630000	17	37220000	37230000
17	38980000	38990000	17	39160000	39170000
17	40010000	40020000	17	40290000	40300000
17	40300000	40310000	17	41670000	41680000
17	40350000	40360000	17	41670000	41680000
17	42320000	42330000	17	42520000	42530000
17	42830000	42840000	17	43330000	43340000
17	44200000	44210000	17	44340000	44350000
1	236110000	236120000	1	236540000	236550000
17	44530000	44540000	17	44860000	44870000
17	45210000	45220000	17	45840000	45850000
17	45230000	45240000	17	45390000	45400000
17	45400000	45410000	17	45830000	45840000
17	48030000	48040000	17	48610000	48620000
17	48330000	48340000	17	48590000	48600000
17	49560000	49570000	17	49990000	50000000
17	49570000	49580000	17	49690000	49700000
17	49570000	49580000	17	49850000	49860000
17	49860000	49870000	17	49990000	50000000
17	54990000	55000000	17	55350000	55360000
17	55530000	55540000	17	55730000	55740000
1	239400000	239410000	1	239890000	239900000
17	57860000	57870000	17	57980000	57990000
17	58310000	58320000	17	59000000	59010000
17	60990000	61000000	17	61380000	61390000
17	61410000	61420000	17	61840000	61850000
17	62670000	62680000	17	63400000	63410000
17	62700000	62710000	17	62960000	62970000
17	63420000	63430000	17	63600000	63610000
17	67370000	67380000	17	67690000	67700000
17	67370000	67380000	17	67610000	67620000
1	241520000	241530000	1	241630000	241640000
17	68180000	68190000	17	68450000	68460000
17	68460000	68470000	17	69240000	69250000
17	69530000	69540000	17	70620000	70630000
17	72560000	72570000	17	73360000	73370000
17	72720000	72730000	17	73370000	73380000
1	241520000	241530000	1	241840000	241850000
17	72980000	72990000	17	73160000	73170000
17	160000	170000	17	690000	700000
17	400000	410000	17	690000	700000
17	1880000	1890000	17	2260000	2270000
17	1890000	1900000	17	2030000	2040000
17	2050000	2060000	17	2250000	2260000
17	2380000	2390000	17	3010000	3020000
17	3730000	3740000	17	3820000	3830000
17	4210000	4220000	17	4880000	4890000
17	4420000	4430000	17	4880000	4890000
17	4560000	4570000	17	4880000	4890000
17	4710000	4720000	17	4880000	4890000
17	6650000	6660000	17	7010000	7020000
17	6910000	6920000	17	7000000	7010000
17	7030000	7040000	17	7570000	7580000
17	8080000	8090000	17	8760000	8770000
17	8390000	8400000	17	8750000	8760000
17	8390000	8400000	17	9530000	9540000
17	8750000	8760000	17	9530000	9540000
17	9920000	9930000	17	10840000	10850000
17	9950000	9960000	17	10340000	10350000
17	12170000	12180000	17	13000000	13010000
17	12250000	12260000	17	13000000	13010000
17	15250000	15260000	17	15990000	16000000
17	17670000	17680000	17	17850000	17860000
17	72720000	72730000	17	74180000	74190000
17	74370000	74380000	17	74460000	74470000
17	75610000	75620000	17	75740000	75750000
17	76000000	76010000	17	76280000	76290000
17	76120000	76130000	17	76270000	76280000
17	77330000	77340000	17	77490000	77500000
17	77770000	77780000	17	78000000	78010000
17	78100000	78110000	17	78420000	78430000
17	78500000	78510000	17	78690000	78700000
17	79020000	79030000	17	79390000	79400000
17	79080000	79090000	17	79700000	79710000
17	79090000	79100000	17	79380000	79390000
17	80420000	80430000	17	80970000	80980000
17	81260000	81270000	17	81520000	81530000
17	81260000	81270000	17	81600000	81610000
17	82790000	82800000	17	82930000	82940000
18	22790000	22800000	18	24120000	24130000
18	31550000	31560000	18	31810000	31820000
18	31550000	31560000	18	31970000	31980000
18	31570000	31580000	18	31710000	31720000
18	280000	290000	18	610000	620000
18	620000	630000	18	830000	840000
18	2930000	2940000	18	3250000	3260000
18	2990000	3000000	18	3240000	3250000
1	244850000	244860000	1	244960000	244970000
18	3450000	3460000	18	3580000	3590000
18	9580000	9590000	18	10520000	10530000
18	9960000	9970000	18	10520000	10530000
1	245080000	245090000	1	246000000	246010000
18	12390000	12400000	18	12660000	12670000
18	12730000	12740000	18	12920000	12930000
18	12720000	12730000	18	13630000	13640000
18	42040000	42050000	18	43580000	43590000
1	2420000	2430000	1	3420000	3430000
1	18590000	18600000	1	19100000	19110000
1	245150000	245160000	1	246000000	246010000
18	44120000	44130000	18	45210000	45220000
18	45670000	45680000	18	46070000	46080000
18	46140000	46150000	18	46650000	46660000
18	50810000	50820000	18	51050000	51060000
18	55400000	55410000	18	55770000	55780000
18	55350000	55360000	18	56570000	56580000
1	245150000	245160000	1	246750000	246760000
18	56750000	56760000	18	58490000	58500000
18	58540000	58550000	18	58670000	58680000
18	59450000	59460000	18	60550000	60560000
18	61640000	61650000	18	61890000	61900000
18	62180000	62190000	18	62970000	62980000
18	62180000	62190000	18	63340000	63350000
18	62710000	62720000	18	62960000	62970000
18	63010000	63020000	18	63330000	63340000
18	63130000	63140000	18	63310000	63320000
18	63510000	63520000	18	63980000	63990000
18	68710000	68720000	18	70190000	70200000
18	68710000	68720000	18	70440000	70450000
2	240000	250000	2	650000	660000
18	68840000	68850000	18	70450000	70460000
18	70190000	70200000	18	70440000	70450000
18	72700000	72710000	18	74560000	74570000
18	74640000	74650000	18	76350000	76360000
18	77000000	77010000	18	77660000	77670000
18	79370000	79380000	18	79640000	79650000
18	79380000	79390000	18	79520000	79530000
19	41440000	41450000	19	41560000	41570000
19	42110000	42120000	19	42300000	42310000
19	42110000	42120000	19	42420000	42430000
19	47140000	47150000	19	47700000	47710000
19	47290000	47300000	19	47700000	47710000
19	47430000	47440000	19	47690000	47700000
19	48790000	48800000	19	49210000	49220000
19	49090000	49100000	19	49210000	49220000
19	49220000	49230000	19	49560000	49570000
2	1860000	1870000	2	3650000	3660000
19	50350000	50360000	19	50910000	50920000
19	50360000	50370000	19	50780000	50790000
19	54480000	54490000	19	54660000	54670000
19	29610000	29620000	19	29700000	29710000
1	18880000	18890000	1	19230000	19240000
2	1890000	1900000	2	2290000	2300000
19	33130000	33140000	19	33400000	33410000
19	33130000	33140000	19	33760000	33770000
19	55630000	55640000	19	56330000	56340000
19	57110000	57120000	19	58150000	58160000
19	57460000	57470000	19	58150000	58160000
19	58210000	58220000	19	58510000	58520000
19	1270000	1280000	19	1810000	1820000
19	2260000	2270000	19	2620000	2630000
19	2470000	2480000	19	2610000	2620000
2	6910000	6920000	2	7020000	7030000
19	3850000	3860000	19	4200000	4210000
19	4260000	4270000	19	4520000	4530000
19	5050000	5060000	19	5570000	5580000
19	8650000	8660000	19	9080000	9090000
19	9130000	9140000	19	9790000	9800000
19	9620000	9630000	19	9790000	9800000
19	9930000	9940000	19	10250000	10260000
19	9930000	9940000	19	10380000	10390000
19	10260000	10270000	19	10380000	10390000
19	10480000	10490000	19	10680000	10690000
19	13280000	13290000	19	13580000	13590000
19	13880000	13890000	19	14060000	14070000
19	15260000	15270000	19	15550000	15560000
19	15600000	15610000	19	16180000	16190000
19	16230000	16240000	19	16390000	16400000
19	16770000	16780000	19	17050000	17060000
19	16770000	16780000	19	17270000	17280000
19	17440000	17450000	19	17770000	17780000
19	17440000	17450000	19	17850000	17860000
19	18440000	18450000	19	19490000	19500000
19	18460000	18470000	19	18850000	18860000
19	19530000	19540000	19	19640000	19650000
19	19530000	19540000	19	19950000	19960000
20	20080000	20090000	20	20580000	20590000
20	23940000	23950000	20	25070000	25080000
20	31640000	31650000	20	31720000	31730000
20	31820000	31830000	20	32650000	32660000
20	32520000	32530000	20	32640000	32650000
20	32900000	32910000	20	33080000	33090000
20	32900000	32910000	20	33290000	33300000
20	34310000	34320000	20	34520000	34530000
20	34540000	34550000	20	34700000	34710000
20	36210000	36220000	20	36890000	36900000
20	37260000	37270000	20	37530000	37540000
2	8550000	8560000	2	8670000	8680000
20	37270000	37280000	20	37380000	37390000
20	38060000	38070000	20	38220000	38230000
20	38640000	38650000	20	38890000	38900000
20	38640000	38650000	20	39040000	39050000
2	9140000	9150000	2	10420000	10430000
20	41170000	41180000	20	41340000	41350000
20	43450000	43460000	20	44070000	44080000
20	43450000	43460000	20	43680000	43690000
20	43530000	43540000	20	44080000	44090000
1	18880000	18890000	1	19650000	19660000
20	44210000	44220000	20	44610000	44620000
20	44210000	44220000	20	44670000	44680000
20	45010000	45020000	20	45770000	45780000
20	45080000	45090000	20	45770000	45780000
20	45310000	45320000	20	45770000	45780000
20	45800000	45810000	20	45950000	45960000
20	45800000	45810000	20	46340000	46350000
20	46520000	46530000	20	46680000	46690000
20	46750000	46760000	20	47620000	47630000
20	47270000	47280000	20	47620000	47630000
20	47660000	47670000	20	48620000	48630000
20	47780000	47790000	20	48610000	48620000
20	48650000	48660000	20	48910000	48920000
20	48650000	48660000	20	48980000	48990000
20	49330000	49340000	20	49880000	49890000
20	50190000	50200000	20	50460000	50470000
20	50790000	50800000	20	51310000	51320000
2	10120000	10130000	2	10420000	10430000
20	53570000	53580000	20	53930000	53940000
20	53580000	53590000	20	53740000	53750000
20	53580000	53590000	20	53850000	53860000
20	57370000	57380000	20	58200000	58210000
20	57390000	57400000	20	57480000	57490000
2	10810000	10820000	2	11780000	11790000
20	59950000	59960000	20	61890000	61900000
2	10820000	10830000	2	11450000	11460000
20	62010000	62020000	20	62150000	62160000
20	62010000	62020000	20	62270000	62280000
20	62010000	62020000	20	62380000	62390000
20	62010000	62020000	20	62800000	62810000
20	62190000	62200000	20	62380000	62390000
20	62500000	62510000	20	62790000	62800000
20	62660000	62670000	20	62790000	62800000
20	63550000	63560000	20	63960000	63970000
2	11130000	11140000	2	11440000	11450000
20	350000	360000	20	650000	660000
20	810000	820000	20	1200000	1210000
2	11130000	11140000	2	11770000	11780000
20	2860000	2870000	20	2990000	3000000
20	3050000	3060000	20	3310000	3320000
20	4110000	4120000	20	4720000	4730000
20	4240000	4250000	20	4580000	4590000
20	4610000	4620000	20	4720000	4730000
1	18900000	18910000	1	19090000	19100000
2	11130000	11140000	2	13000000	13010000
20	5550000	5560000	20	6000000	6010000
20	5570000	5580000	20	5780000	5790000
20	6640000	6650000	20	6760000	6770000
2	11230000	11240000	2	11440000	11450000
20	14330000	14340000	20	15230000	15240000
20	14330000	14340000	20	15920000	15930000
20	17510000	17520000	20	18270000	18280000
2	11470000	11480000	2	11780000	11790000
20	17530000	17540000	20	17930000	17940000
20	17660000	17670000	20	17950000	17960000
20	18410000	18420000	20	19660000	19670000
21	17680000	17690000	21	17900000	17910000
21	18390000	18400000	21	18480000	18490000
21	25600000	25610000	21	26710000	26720000
21	25600000	25610000	21	26830000	26840000
2	11680000	11690000	2	11770000	11780000
21	25890000	25900000	21	26160000	26170000
21	29090000	29100000	21	29360000	29370000
21	29090000	29100000	21	29840000	29850000
21	30340000	30350000	21	31070000	31080000
21	30340000	30350000	21	31600000	31610000
21	32650000	32660000	21	33190000	33200000
21	32830000	32840000	21	33440000	33450000
21	32930000	32940000	21	33440000	33450000
21	33200000	33210000	21	33440000	33450000
2	11820000	11830000	2	13000000	13010000
21	36140000	36150000	21	36330000	36340000
21	36980000	36990000	21	37080000	37090000
21	37160000	37170000	21	38120000	38130000
2	11830000	11840000	2	12710000	12720000
21	37700000	37710000	21	38120000	38130000
21	41280000	41290000	21	41450000	41460000
21	41280000	41290000	21	42110000	42120000
21	41610000	41620000	21	41810000	41820000
21	41610000	41620000	21	42110000	42120000
21	43800000	43810000	21	44300000	44310000
21	43810000	43820000	21	43960000	43970000
21	44500000	44510000	21	45120000	45130000
21	44950000	44960000	21	45120000	45130000
21	45150000	45160000	21	45280000	45290000
22	17080000	17090000	22	18090000	18100000
22	19730000	19740000	22	19910000	19920000
22	39150000	39160000	22	39310000	39320000
22	39530000	39540000	22	40890000	40900000
22	39540000	39550000	22	40340000	40350000
22	40920000	40930000	22	41520000	41530000
22	40930000	40940000	22	41120000	41130000
22	41400000	41410000	22	41510000	41520000
22	43990000	44000000	22	44080000	44090000
22	43990000	44000000	22	44620000	44630000
22	45590000	45600000	22	45970000	45980000
22	45640000	45650000	22	45970000	45980000
22	46000000	46010000	22	46310000	46320000
22	46120000	46130000	22	46310000	46320000
22	46360000	46370000	22	46540000	46550000
22	19960000	19970000	22	20120000	20130000
22	20800000	20810000	22	21640000	21650000
22	22960000	22970000	22	23120000	23130000
22	23170000	23180000	22	23270000	23280000
22	24420000	24430000	22	24510000	24520000
22	24770000	24780000	22	25040000	25050000
22	24940000	24950000	22	25040000	25050000
22	25210000	25220000	22	26340000	26350000
2	16640000	16650000	2	17810000	17820000
22	26490000	26500000	22	26650000	26660000
22	27400000	27410000	22	27800000	27810000
2	17710000	17720000	2	18370000	18380000
22	29630000	29640000	22	30080000	30090000
22	30100000	30110000	22	30260000	30270000
22	30280000	30290000	22	30380000	30390000
22	30760000	30770000	22	31230000	31240000
22	31660000	31670000	22	31950000	31960000
22	32520000	32530000	22	32990000	33000000
22	33760000	33770000	22	33910000	33920000
22	35340000	35350000	22	36120000	36130000
22	35350000	35360000	22	36480000	36490000
22	36300000	36310000	22	36470000	36480000
22	36530000	36540000	22	37280000	37290000
22	36530000	36540000	22	37580000	37590000
X	19370000	19380000	X	20120000	20130000
X	19370000	19380000	X	20440000	20450000
X	20530000	20540000	X	21470000	21480000
X	23680000	23690000	X	24050000	24060000
X	37500000	37510000	X	38160000	38170000
X	40680000	40690000	X	41120000	41130000
X	41560000	41570000	X	41740000	41750000
X	41790000	41800000	X	43740000	43750000
1	19340000	19350000	1	19650000	19660000
X	47200000	47210000	X	47520000	47530000
X	48650000	48660000	X	48930000	48940000
X	53550000	53560000	X	53630000	53640000
X	65580000	65590000	X	65990000	66000000
X	68510000	68520000	X	68710000	68720000
X	68820000	68830000	X	69220000	69230000
X	68820000	68830000	X	69280000	69290000
X	71400000	71410000	X	71560000	71570000
2	19950000	19960000	2	20090000	20100000
2	19950000	19960000	2	20290000	20300000
X	10180000	10190000	X	10620000	10630000
X	10180000	10190000	X	10720000	10730000
X	10180000	10190000	X	11130000	11140000
X	10180000	10190000	X	11520000	11530000
X	10180000	10190000	X	11770000	11780000
X	11120000	11130000	X	12900000	12910000
2	19950000	19960000	2	20630000	20640000
X	11130000	11140000	X	11760000	11770000
X	11530000	11540000	X	11760000	11770000
X	11540000	11550000	X	12900000	12910000
X	11760000	11770000	X	12780000	12790000
2	20100000	20110000	2	20630000	20640000
X	12940000	12950000	X	14020000	14030000
X	12960000	12970000	X	13740000	13750000
X	12970000	12980000	X	13080000	13090000
X	13650000	13660000	X	14020000	14030000
2	20250000	20260000	2	20630000	20640000
X	13660000	13670000	X	13740000	13750000
X	13760000	13770000	X	14020000	14030000
X	14050000	14060000	X	15460000	15470000
X	15320000	15330000	X	16690000	16700000
X	15680000	15690000	X	16690000	16700000
X	15680000	15690000	X	16440000	16450000
X	15760000	15770000	X	16440000	16450000
X	15760000	15770000	X	16680000	16690000
2	20320000	20330000	2	20630000	20640000
X	16860000	16870000	X	17040000	17050000
X	17740000	17750000	X	19330000	19340000
X	18250000	18260000	X	18350000	18360000
2	20430000	20440000	2	20630000	20640000
X	18390000	18400000	X	18890000	18900000
X	110450000	110460000	X	110840000	110850000
X	110450000	110460000	X	111100000	111110000
X	110450000	110460000	X	111240000	111250000
X	110990000	111000000	X	111090000	111100000
X	119500000	119510000	X	119750000	119760000
X	100670000	100680000	X	100770000	100780000
X	106870000	106880000	X	108070000	108080000
X	107650000	107660000	X	107770000	107780000
X	108690000	108700000	X	109380000	109390000
2	24410000	24420000	2	25120000	25130000
X	129610000	129620000	X	129910000	129920000
X	129920000	129930000	X	130040000	130050000
X	133330000	133340000	X	133660000	133670000
X	136030000	136040000	X	136160000	136170000
X	149870000	149880000	X	150710000	150720000
X	150770000	150780000	X	152630000	152640000
X	151150000	151160000	X	152630000	152640000
2	24980000	24990000	2	25120000	25130000
X	151740000	151750000	X	152910000	152920000
X	152950000	152960000	X	153950000	153960000
2	25600000	25610000	2	26140000	26150000
2	25950000	25960000	2	26140000	26150000
2	25950000	25960000	2	26570000	26580000
2	25950000	25960000	2	26740000	26750000
2	26600000	26610000	2	26740000	26750000
2	26960000	26970000	2	27280000	27290000
2	27090000	27100000	2	27280000	27290000
2	27690000	27700000	2	29190000	29200000
2	28590000	28600000	2	28750000	28760000
2	32550000	32560000	2	33580000	33590000
2	32770000	32780000	2	33370000	33380000
2	32770000	32780000	2	33580000	33590000
2	33470000	33480000	2	33570000	33580000
2	36350000	36360000	2	36500000	36510000
2	36350000	36360000	2	36650000	36660000
2	56180000	56190000	2	57500000	57510000
1	55280000	55290000	1	56810000	56820000
2	59880000	59890000	2	60550000	60560000
2	60790000	60800000	2	60890000	60900000
2	60790000	60800000	2	60990000	61000000
2	68460000	68470000	2	69890000	69900000
1	56820000	56830000	1	58540000	58550000
2	69020000	69030000	2	69810000	69820000
2	69720000	69730000	2	70290000	70300000
2	69720000	69730000	2	70640000	70650000
2	69900000	69910000	2	70290000	70300000
2	69900000	69910000	2	70640000	70650000
2	69910000	69920000	2	70150000	70160000
2	70310000	70320000	2	70950000	70960000
2	70790000	70800000	2	70940000	70950000
2	72990000	73000000	2	73160000	73170000
2	37130000	37140000	2	38740000	38750000
2	38310000	38320000	2	38510000	38520000
2	38310000	38320000	2	39220000	39230000
2	38590000	38600000	2	38720000	38730000
2	39060000	39070000	2	39220000	39230000
2	41860000	41870000	2	43570000	43580000
2	42830000	42840000	2	43480000	43490000
2	42950000	42960000	2	43220000	43230000
2	42950000	42960000	2	43480000	43490000
2	43130000	43140000	2	43220000	43230000
2	43940000	43950000	2	45490000	45500000
2	43950000	43960000	2	44960000	44970000
2	45650000	45660000	2	45770000	45780000
2	46000000	46010000	2	46450000	46460000
2	46000000	46010000	2	46630000	46640000
2	47000000	47010000	2	47300000	47310000
2	48940000	48950000	2	50490000	50500000
2	54660000	54670000	2	55170000	55180000
2	73830000	73840000	2	74150000	74160000
2	85420000	85430000	2	85540000	85550000
2	85640000	85650000	2	85810000	85820000
2	85640000	85650000	2	86080000	86090000
2	86610000	86620000	2	88040000	88050000
2	88580000	88590000	2	88670000	88680000
2	118880000	118890000	2	119470000	119480000
2	119630000	119640000	2	120680000	120690000
2	120340000	120350000	2	120670000	120680000
2	121400000	121410000	2	121720000	121730000
2	121530000	121540000	2	121710000	121720000
1	62840000	62850000	1	63540000	63550000
2	127200000	127210000	2	127470000	127480000
2	127320000	127330000	2	127480000	127490000
2	97690000	97700000	2	98380000	98390000
2	98410000	98420000	2	98520000	98530000
2	99550000	99560000	2	100990000	101000000
2	100610000	100620000	2	100980000	100990000
2	101010000	101020000	2	101850000	101860000
2	101020000	101030000	2	101200000	101210000
2	101410000	101420000	2	101830000	101840000
2	105360000	105370000	2	106090000	106100000
2	105570000	105580000	2	106090000	106100000
2	108600000	108610000	2	109500000	109510000
2	128170000	128180000	2	129920000	129930000
2	128310000	128320000	2	128730000	128740000
2	134110000	134120000	2	134410000	134420000
2	134120000	134130000	2	134220000	134230000
2	134450000	134460000	2	135710000	135720000
2	135910000	135920000	2	136380000	136390000
2	135910000	135920000	2	137830000	137840000
2	136110000	136120000	2	136370000	136380000
2	144400000	144410000	2	145750000	145760000
2	144510000	144520000	2	145740000	145750000
2	147930000	147940000	2	148990000	149000000
2	147990000	148000000	2	148980000	148990000
2	149580000	149590000	2	151430000	151440000
2	151260000	151270000	2	152010000	152020000
2	152040000	152050000	2	152730000	152740000
2	157300000	157310000	2	157760000	157770000
2	157300000	157310000	2	158740000	158750000
1	65060000	65070000	1	66440000	66450000
2	157490000	157500000	2	158010000	158020000
2	157770000	157780000	2	158000000	158010000
2	158020000	158030000	2	158750000	158760000
2	158900000	158910000	2	159790000	159800000
2	161220000	161230000	2	162300000	162310000
2	188520000	188530000	2	189410000	189420000
2	189660000	189670000	2	191020000	191030000
2	191170000	191180000	2	192160000	192170000
2	196100000	196110000	2	196760000	196770000
2	196770000	196780000	2	197380000	197390000
2	197110000	197120000	2	197380000	197390000
2	197190000	197200000	2	197300000	197310000
2	198310000	198320000	2	199850000	199860000
2	199970000	199980000	2	200890000	200900000
2	200580000	200590000	2	200690000	200700000
2	201230000	201240000	2	202180000	202190000
2	201790000	201800000	2	202180000	202190000
1	66250000	66260000	1	66440000	66450000
2	207740000	207750000	2	208060000	208070000
2	210440000	210450000	2	211150000	211160000
1	66260000	66270000	1	66350000	66360000
2	216520000	216530000	2	216660000	216670000
2	216520000	216530000	2	217500000	217510000
2	216690000	216700000	2	217510000	217520000
2	165000000	165010000	2	165870000	165880000
1	66360000	66370000	1	66430000	66440000
2	165000000	165010000	2	166120000	166130000
2	165230000	165240000	2	165870000	165880000
2	165400000	165410000	2	165870000	165880000
2	166540000	166550000	2	168110000	168120000
2	168140000	168150000	2	168910000	168920000
2	168160000	168170000	2	168240000	168250000
2	168340000	168350000	2	168920000	168930000
2	168960000	168970000	2	169130000	169140000
2	168960000	168970000	2	169920000	169930000
2	169450000	169460000	2	170810000	170820000
2	169520000	169530000	2	169920000	169930000
2	171160000	171170000	2	171410000	171420000
2	171700000	171710000	2	172100000	172110000
2	171700000	171710000	2	172470000	172480000
2	171700000	171710000	2	172700000	172710000
2	172170000	172180000	2	172460000	172470000
2	173020000	173030000	2	174340000	174350000
2	173200000	173210000	2	174350000	174360000
2	173400000	173410000	2	174330000	174340000
2	174330000	174340000	2	176090000	176100000
2	174460000	174470000	2	174680000	174690000
2	174570000	174580000	2	176090000	176100000
2	174580000	174590000	2	174680000	174690000
2	174700000	174710000	2	176100000	176110000
2	174740000	174750000	2	174990000	175000000
2	175360000	175370000	2	176090000	176100000
2	176120000	176130000	2	176640000	176650000
2	176120000	176130000	2	177140000	177150000
2	176120000	176130000	2	177410000	177420000
2	176120000	176130000	2	177750000	177760000
2	176130000	176140000	2	176450000	176460000
2	177330000	177340000	2	177740000	177750000
2	178790000	178800000	2	179740000	179750000
2	178790000	178800000	2	179120000	179130000
2	179210000	179220000	2	179740000	179750000
2	180120000	180130000	2	181050000	181060000
2	181080000	181090000	2	181910000	181920000
2	181300000	181310000	2	181450000	181460000
2	181740000	181750000	2	181900000	181910000
2	217780000	217790000	2	218060000	218070000
1	70130000	70140000	1	70510000	70520000
2	217780000	217790000	2	218390000	218400000
2	218280000	218290000	2	218650000	218660000
2	218290000	218300000	2	218380000	218390000
2	218990000	219000000	2	219140000	219150000
2	219160000	219170000	2	219290000	219300000
2	219160000	219170000	2	219520000	219530000
2	220680000	220690000	2	221570000	221580000
1	70210000	70220000	1	71060000	71070000
2	222700000	222710000	2	222900000	222910000
2	223980000	223990000	2	224280000	224290000
2	223980000	223990000	2	224350000	224360000
2	223980000	223990000	2	225650000	225660000
2	224350000	224360000	2	224780000	224790000
2	224800000	224810000	2	225000000	225010000
2	229790000	229800000	2	230610000	230620000
2	229800000	229810000	2	230800000	230810000
2	231220000	231230000	2	231410000	231420000
2	231910000	231920000	2	232320000	232330000
2	232840000	232850000	2	233440000	233450000
2	232850000	232860000	2	233250000	233260000
2	233260000	233270000	2	233430000	233440000
2	233270000	233280000	2	233360000	233370000
2	233980000	233990000	2	234500000	234510000
2	234280000	234290000	2	234490000	234500000
2	235770000	235780000	2	237560000	237570000
