chr	start	end	targetChr	targetStart	targetEnd
1	56410000	56420000	1	56570000	56580000
1	56830000	56840000	1	58540000	58550000
2	135920000	135930000	2	136110000	136120000
2	135990000	136000000	2	136110000	136120000
1	58770000	58780000	1	59290000	59300000
2	152040000	152050000	2	152170000	152180000
2	158180000	158190000	2	158450000	158460000
2	189660000	189670000	2	190060000	190070000
2	189790000	189800000	2	190060000	190070000
2	191050000	191060000	2	191150000	191160000
2	195660000	195670000	2	196060000	196070000
2	196740000	196750000	2	197780000	197790000
2	198310000	198320000	2	199850000	199860000
2	165000000	165010000	2	166120000	166130000
2	168160000	168170000	2	168240000	168250000
2	170230000	170240000	2	170810000	170820000
2	170330000	170340000	2	170810000	170820000
2	171800000	171810000	2	172100000	172110000
2	174700000	174710000	2	176100000	176110000
2	175020000	175030000	2	176100000	176110000
2	175190000	175200000	2	176090000	176100000
2	175300000	175310000	2	176090000	176100000
2	175360000	175370000	2	176090000	176100000
2	180120000	180130000	2	181450000	181460000
2	181300000	181310000	2	181450000	181460000
2	199960000	199970000	2	200810000	200820000
2	199970000	199980000	2	200580000	200590000
2	199980000	199990000	2	200300000	200310000
2	200900000	200910000	2	201070000	201080000
2	202580000	202590000	2	202870000	202880000
2	208260000	208270000	2	210170000	210180000
2	212770000	212780000	2	213150000	213160000
2	216210000	216220000	2	216410000	216420000
2	216210000	216220000	2	216490000	216500000
2	237140000	237150000	2	237560000	237570000
2	237150000	237160000	2	237480000	237490000
2	240050000	240060000	2	240140000	240150000
2	240150000	240160000	2	240430000	240440000
2	240220000	240230000	2	240430000	240440000
2	217780000	217790000	2	218060000	218070000
2	218270000	218280000	2	218650000	218660000
2	218290000	218300000	2	218380000	218390000
2	220680000	220690000	2	221570000	221580000
2	222960000	222970000	2	223940000	223950000
2	223830000	223840000	2	223950000	223960000
2	227890000	227900000	2	229270000	229280000
2	227890000	227900000	2	229710000	229720000
2	230830000	230840000	2	231050000	231060000
2	231900000	231910000	2	232520000	232530000
2	234290000	234300000	2	234490000	234500000
3	9790000	9800000	3	10290000	10300000
3	11380000	11390000	3	11640000	11650000
3	20040000	20050000	3	20180000	20190000
3	22560000	22570000	3	23800000	23810000
3	23070000	23080000	3	23200000	23210000
3	30770000	30780000	3	31530000	31540000
3	31220000	31230000	3	31530000	31540000
1	67530000	67540000	1	67830000	67840000
3	35390000	35400000	3	35630000	35640000
3	35510000	35520000	3	35630000	35640000
3	58180000	58190000	3	58300000	58310000
3	58640000	58650000	3	59050000	59060000
3	62620000	62630000	3	63810000	63820000
3	63350000	63360000	3	63810000	63820000
1	68120000	68130000	1	68440000	68450000
3	72930000	72940000	3	73060000	73070000
3	38120000	38130000	3	38340000	38350000
3	39190000	39200000	3	39280000	39290000
3	39430000	39440000	3	40310000	40320000
3	40190000	40200000	3	40310000	40320000
3	49540000	49550000	3	49670000	49680000
3	50350000	50360000	3	51380000	51390000
3	51390000	51400000	3	51670000	51680000
3	51500000	51510000	3	51670000	51680000
1	25510000	25520000	1	25800000	25810000
1	70210000	70220000	1	70350000	70360000
3	99820000	99830000	3	101570000	101580000
3	104590000	104600000	3	105360000	105370000
3	105690000	105700000	3	105860000	105870000
1	70520000	70530000	1	71040000	71050000
3	88030000	88040000	3	88140000	88150000
3	88200000	88210000	3	89100000	89110000
3	130740000	130750000	3	132410000	132420000
3	130750000	130760000	3	130890000	130900000
3	132720000	132730000	3	134480000	134490000
3	132720000	132730000	3	133800000	133810000
3	132730000	132740000	3	133400000	133410000
3	136080000	136090000	3	136750000	136760000
3	112120000	112130000	3	112990000	113000000
3	112300000	112310000	3	112990000	113000000
3	113740000	113750000	3	114050000	114060000
3	116760000	116770000	3	117990000	118000000
3	126130000	126140000	3	126390000	126400000
1	42330000	42340000	1	42740000	42750000
1	42570000	42580000	1	42740000	42750000
3	169140000	169150000	3	169660000	169670000
3	179330000	179340000	3	179560000	179570000
3	179430000	179440000	3	179560000	179570000
1	43520000	43530000	1	43940000	43950000
3	156680000	156690000	3	156820000	156830000
3	183890000	183900000	3	184270000	184280000
1	46440000	46450000	1	46530000	46540000
3	185960000	185970000	3	186610000	186620000
3	186250000	186260000	3	186540000	186550000
3	190220000	190230000	3	190320000	190330000
4	240000	250000	4	980000	990000
4	5000000	5010000	4	5710000	5720000
4	10570000	10580000	4	11420000	11430000
4	13640000	13650000	4	15000000	15010000
4	15000000	15010000	4	15650000	15660000
4	38060000	38070000	4	38860000	38870000
4	38760000	38770000	4	38860000	38870000
4	39460000	39470000	4	39970000	39980000
4	40930000	40940000	4	41210000	41220000
4	47690000	47700000	4	47830000	47840000
4	51850000	51860000	4	52020000	52030000
4	53190000	53200000	4	54220000	54230000
4	53380000	53390000	4	54220000	54230000
4	53910000	53920000	4	54220000	54230000
4	55410000	55420000	4	55540000	55550000
4	56420000	56430000	4	56820000	56830000
4	73060000	73070000	4	73250000	73260000
4	21780000	21790000	4	22690000	22700000
4	22400000	22410000	4	22690000	22700000
1	53860000	53870000	1	54800000	54810000
4	73060000	73070000	4	74150000	74160000
4	74190000	74200000	4	74300000	74310000
1	53960000	53970000	1	54800000	54810000
4	77240000	77250000	4	77600000	77610000
4	79910000	79920000	4	80190000	80200000
4	84740000	84750000	4	84960000	84970000
4	86490000	86500000	4	86890000	86900000
4	87260000	87270000	4	87830000	87840000
4	87850000	87860000	4	87970000	87980000
4	89470000	89480000	4	89890000	89900000
4	128450000	128460000	4	128800000	128810000
4	128570000	128580000	4	128800000	128810000
1	111480000	111490000	1	111750000	111760000
4	141310000	141320000	4	142840000	142850000
4	142120000	142130000	4	142840000	142850000
1	112390000	112400000	1	112700000	112710000
4	142350000	142360000	4	142840000	142850000
4	143200000	143210000	4	145090000	145100000
4	145170000	145180000	4	145610000	145620000
4	116350000	116360000	4	118030000	118040000
4	117440000	117450000	4	118030000	118040000
4	118270000	118280000	4	120060000	120070000
4	118770000	118780000	4	118880000	118890000
4	118980000	118990000	4	119620000	119630000
4	120060000	120070000	4	121800000	121810000
4	121690000	121700000	4	122920000	122930000
4	121820000	121830000	4	122920000	122930000
4	121880000	121890000	4	122920000	122930000
4	122580000	122590000	4	122920000	122930000
4	124330000	124340000	4	124710000	124720000
4	127600000	127610000	4	127730000	127740000
4	99560000	99570000	4	99940000	99950000
4	102330000	102340000	4	103090000	103100000
4	102430000	102440000	4	103010000	103020000
4	102430000	102440000	4	103090000	103100000
4	106310000	106320000	4	107720000	107730000
4	109420000	109430000	4	109810000	109820000
4	109430000	109440000	4	109700000	109710000
4	109700000	109710000	4	109810000	109820000
4	182810000	182820000	4	182910000	182920000
4	184270000	184280000	4	184640000	184650000
4	165120000	165130000	4	165320000	165330000
4	173020000	173030000	4	173160000	173170000
4	177310000	177320000	4	177440000	177450000
4	157990000	158000000	4	158170000	158180000
4	161320000	161330000	4	162160000	162170000
4	162490000	162500000	4	163470000	163480000
4	162500000	162510000	4	163330000	163340000
5	40370000	40380000	5	40670000	40680000
5	40500000	40510000	5	40670000	40680000
5	43390000	43400000	5	43480000	43490000
5	33450000	33460000	5	34920000	34930000
5	34000000	34010000	5	34920000	34930000
5	35080000	35090000	5	35930000	35940000
5	36740000	36750000	5	36870000	36880000
5	5490000	5500000	5	6370000	6380000
5	6760000	6770000	5	7860000	7870000
5	10450000	10460000	5	10560000	10570000
5	57300000	57310000	5	58460000	58470000
1	84940000	84950000	1	85250000	85260000
5	60690000	60700000	5	62400000	62410000
5	62440000	62450000	5	63960000	63970000
5	63120000	63130000	5	63960000	63970000
5	63400000	63410000	5	63960000	63970000
5	64630000	64640000	5	65480000	65490000
5	64810000	64820000	5	65480000	65490000
5	64960000	64970000	5	65480000	65490000
5	69100000	69110000	5	69360000	69370000
5	73900000	73910000	5	74640000	74650000
5	80480000	80490000	5	80650000	80660000
5	110740000	110750000	5	111090000	111100000
5	111540000	111550000	5	111750000	111760000
5	112990000	113000000	5	113510000	113520000
5	119460000	119470000	5	120460000	120470000
5	126340000	126350000	5	126600000	126610000
5	131170000	131180000	5	131260000	131270000
5	132380000	132390000	5	132810000	132820000
5	133100000	133110000	5	133960000	133970000
5	135460000	135470000	5	135830000	135840000
1	88980000	88990000	1	89990000	90000000
5	137630000	137640000	5	138130000	138140000
5	137770000	137780000	5	138130000	138140000
5	138570000	138580000	5	139270000	139280000
5	140380000	140390000	5	140640000	140650000
5	141680000	141690000	5	141960000	141970000
5	142600000	142610000	5	144170000	144180000
5	142910000	142920000	5	144170000	144180000
5	143000000	143010000	5	144170000	144180000
5	143400000	143410000	5	144170000	144180000
1	89000000	89010000	1	89270000	89280000
5	107110000	107120000	5	107670000	107680000
1	89800000	89810000	1	89990000	90000000
5	168260000	168270000	5	169300000	169310000
5	168980000	168990000	5	169300000	169310000
5	170290000	170300000	5	171380000	171390000
5	150560000	150570000	5	150840000	150850000
1	91510000	91520000	1	92290000	92300000
5	154650000	154660000	5	154930000	154940000
5	157330000	157340000	5	157730000	157740000
5	160440000	160450000	5	161540000	161550000
6	190000	200000	6	390000	400000
6	15690000	15700000	6	16120000	16130000
6	39340000	39350000	6	41050000	41060000
6	39980000	39990000	6	41030000	41040000
6	41770000	41780000	6	42210000	42220000
6	41780000	41790000	6	42050000	42060000
6	42660000	42670000	6	42870000	42880000
6	44100000	44110000	6	44240000	44250000
6	52410000	52420000	6	53060000	53070000
6	52660000	52670000	6	53060000	53070000
6	26040000	26050000	6	27130000	27140000
6	26030000	26040000	6	27820000	27830000
6	26030000	26040000	6	27870000	27880000
6	26170000	26180000	6	27140000	27150000
6	29020000	29030000	6	29580000	29590000
1	99800000	99810000	1	100030000	100040000
6	31200000	31210000	6	31350000	31360000
6	33760000	33770000	6	34140000	34150000
6	35290000	35300000	6	35730000	35740000
6	35300000	35310000	6	35450000	35460000
6	36890000	36900000	6	36980000	36990000
6	92120000	92130000	6	93410000	93420000
6	92800000	92810000	6	93410000	93420000
6	95580000	95590000	6	96520000	96530000
6	96620000	96630000	6	96890000	96900000
6	106690000	106700000	6	106970000	106980000
6	109180000	109190000	6	109380000	109390000
6	110520000	110530000	6	110980000	110990000
6	116280000	116290000	6	116540000	116550000
6	117450000	117460000	6	117600000	117610000
6	117970000	117980000	6	118540000	118550000
6	118280000	118290000	6	118540000	118550000
6	122390000	122400000	6	122470000	122480000
6	125300000	125310000	6	127110000	127120000
6	125990000	126000000	6	127110000	127120000
6	73740000	73750000	6	75200000	75210000
6	74090000	74100000	6	75200000	75210000
6	74750000	74760000	6	75200000	75210000
6	79070000	79080000	6	79230000	79240000
1	107770000	107780000	1	108560000	108570000
6	83070000	83080000	6	83510000	83520000
6	83210000	83220000	6	84220000	84230000
6	83220000	83230000	6	83510000	83520000
6	83870000	83880000	6	84220000	84230000
6	88980000	88990000	6	89080000	89090000
6	89240000	89250000	6	89350000	89360000
6	129740000	129750000	6	130010000	130020000
6	130890000	130900000	6	131570000	131580000
6	136640000	136650000	6	136790000	136800000
1	150250000	150260000	1	150980000	150990000
6	137700000	137710000	6	137860000	137870000
1	152650000	152660000	1	153210000	153220000
1	152870000	152880000	1	153200000	153210000
1	153790000	153800000	1	153970000	153980000
1	154560000	154570000	1	155050000	155060000
1	156380000	156390000	1	156610000	156620000
6	151400000	151410000	6	152980000	152990000
1	156470000	156480000	1	156590000	156600000
6	156690000	156700000	6	156770000	156780000
7	69410000	69420000	7	69590000	69600000
1	35570000	35580000	1	35710000	35720000
1	157970000	157980000	1	159070000	159080000
7	2730000	2740000	7	2840000	2850000
7	2870000	2880000	7	3300000	3310000
7	7100000	7110000	7	7530000	7540000
7	11430000	11440000	7	11830000	11840000
1	160830000	160840000	1	160950000	160960000
7	16980000	16990000	7	17290000	17300000
7	18350000	18360000	7	19110000	19120000
7	40230000	40240000	7	41700000	41710000
7	40320000	40330000	7	41700000	41710000
7	42930000	42940000	7	43720000	43730000
1	161860000	161870000	1	162020000	162030000
7	21260000	21270000	7	21420000	21430000
7	23270000	23280000	7	23530000	23540000
7	25870000	25880000	7	27160000	27170000
7	26200000	26210000	7	27160000	27170000
7	26370000	26380000	7	27160000	27170000
7	26680000	26690000	7	27150000	27160000
7	26850000	26860000	7	27150000	27160000
1	202180000	202190000	1	202710000	202720000
1	202330000	202340000	1	202710000	202720000
7	116250000	116260000	7	116520000	116530000
7	119270000	119280000	7	120270000	120280000
7	119930000	119940000	7	120270000	120280000
7	92620000	92630000	7	92830000	92840000
7	94450000	94460000	7	95480000	95490000
7	96410000	96420000	7	97020000	97030000
7	100460000	100470000	7	100860000	100870000
7	100600000	100610000	7	100860000	100870000
7	100700000	100710000	7	100850000	100860000
7	131080000	131090000	7	131320000	131330000
7	132320000	132330000	7	132570000	132580000
7	132390000	132400000	7	132570000	132580000
7	134650000	134660000	7	135170000	135180000
7	137910000	137920000	7	138000000	138010000
1	208020000	208030000	1	208240000	208250000
8	10840000	10850000	8	11280000	11290000
8	19370000	19380000	8	19750000	19760000
8	54450000	54460000	8	56210000	56220000
1	209570000	209580000	1	209750000	209760000
8	65830000	65840000	8	66020000	66030000
8	65830000	65840000	8	66420000	66430000
8	66050000	66060000	8	66420000	66430000
8	66440000	66450000	8	67060000	67070000
8	69670000	69680000	8	70600000	70610000
8	70130000	70140000	8	70660000	70670000
1	210430000	210440000	1	211130000	211140000
8	73010000	73020000	8	73290000	73300000
8	21910000	21920000	8	22140000	22150000
8	22230000	22240000	8	22580000	22590000
1	210580000	210590000	1	211130000	211140000
1	211320000	211330000	1	211490000	211500000
1	211680000	211690000	1	212030000	212040000
8	29340000	29350000	8	30150000	30160000
8	30070000	30080000	8	30150000	30160000
8	31250000	31260000	8	32540000	32550000
8	37540000	37550000	8	37690000	37700000
8	36850000	36860000	8	38150000	38160000
8	41990000	42000000	8	42150000	42160000
8	42180000	42190000	8	42270000	42280000
8	46920000	46930000	8	47730000	47740000
8	48170000	48180000	8	48920000	48930000
8	48310000	48320000	8	48920000	48930000
8	51840000	51850000	8	52400000	52410000
8	52020000	52030000	8	52400000	52410000
8	52100000	52110000	8	52400000	52410000
8	89720000	89730000	8	89980000	89990000
1	214230000	214240000	1	214600000	214610000
8	89840000	89850000	8	89980000	89990000
8	90000000	90010000	8	91070000	91080000
8	90980000	90990000	8	91070000	91080000
8	111950000	111960000	8	113430000	113440000
8	112800000	112810000	8	113430000	113440000
8	115420000	115430000	8	115660000	115670000
8	116770000	116780000	8	116870000	116880000
8	117400000	117410000	8	118110000	118120000
8	117440000	117450000	8	118950000	118960000
8	117470000	117480000	8	118110000	118120000
8	118740000	118750000	8	119060000	119070000
8	123260000	123270000	8	124450000	124460000
8	123390000	123400000	8	124450000	124460000
1	3490000	3500000	1	3620000	3630000
1	181470000	181480000	1	182060000	182070000
8	132870000	132880000	8	133190000	133200000
1	182080000	182090000	1	182780000	182790000
8	134910000	134920000	8	135450000	135460000
8	135050000	135060000	8	135450000	135460000
1	182140000	182150000	1	182390000	182400000
8	140460000	140470000	8	140630000	140640000
8	142780000	142790000	8	143040000	143050000
1	182450000	182460000	1	182580000	182590000
8	94810000	94820000	8	95260000	95270000
8	94810000	94820000	8	96160000	96170000
8	94940000	94950000	8	95020000	95030000
1	182600000	182610000	1	182780000	182790000
8	95300000	95310000	8	96160000	96170000
8	103270000	103280000	8	103500000	103510000
8	103280000	103290000	8	103370000	103380000
8	108230000	108240000	8	109540000	109550000
8	109330000	109340000	8	109540000	109550000
9	37920000	37930000	9	38060000	38070000
9	68570000	68580000	9	69010000	69020000
9	71280000	71290000	9	71760000	71770000
9	4760000	4770000	9	4980000	4990000
9	4760000	4770000	9	5430000	5440000
9	19930000	19940000	9	20620000	20630000
1	184810000	184820000	1	184970000	184980000
9	21810000	21820000	9	22000000	22010000
9	32380000	32390000	9	32570000	32580000
9	96330000	96340000	9	96650000	96660000
9	98070000	98080000	9	98250000	98260000
9	103390000	103400000	9	104740000	104750000
9	88170000	88180000	9	88380000	88390000
9	88720000	88730000	9	88990000	89000000
9	91090000	91100000	9	91420000	91430000
9	91770000	91780000	9	91950000	91960000
9	111530000	111540000	9	113010000	113020000
9	113300000	113310000	9	113400000	113410000
9	114420000	114430000	9	114650000	114660000
9	120750000	120760000	9	121050000	121060000
1	196330000	196340000	1	196650000	196660000
9	122100000	122110000	9	122800000	122810000
9	122460000	122470000	9	122800000	122810000
9	123080000	123090000	9	123350000	123360000
9	124770000	124780000	9	124850000	124860000
9	126930000	126940000	9	127450000	127460000
9	131360000	131370000	9	131740000	131750000
9	133780000	133790000	9	133990000	134000000
9	135970000	135980000	9	136110000	136120000
9	136780000	136790000	9	137050000	137060000
9	136780000	136790000	9	137230000	137240000
10	43410000	43420000	10	44970000	44980000
10	43680000	43690000	10	44380000	44390000
10	47020000	47030000	10	47320000	47330000
10	52640000	52650000	10	52770000	52780000
10	58180000	58190000	10	58380000	58390000
10	58300000	58310000	10	58380000	58390000
10	59630000	59640000	10	59900000	59910000
10	59820000	59830000	10	59900000	59910000
10	69510000	69520000	10	69630000	69640000
10	70450000	70460000	10	70880000	70890000
10	70550000	70560000	10	70880000	70890000
10	4830000	4840000	10	5410000	5420000
10	4840000	4850000	10	5090000	5100000
10	6910000	6920000	10	7410000	7420000
10	14510000	14520000	10	14830000	14840000
10	21510000	21520000	10	22710000	22720000
10	22000000	22010000	10	22320000	22330000
10	31040000	31050000	10	31310000	31320000
10	92080000	92090000	10	92290000	92300000
10	93370000	93380000	10	93480000	93490000
10	101200000	101210000	10	101770000	101780000
10	103890000	103900000	10	104120000	104130000
10	74250000	74260000	10	75090000	75100000
1	168440000	168450000	1	168570000	168580000
10	84830000	84840000	10	86360000	86370000
1	6240000	6250000	1	6410000	6420000
10	86400000	86410000	10	86520000	86530000
10	89790000	89800000	10	90850000	90860000
10	91760000	91770000	10	91900000	91910000
10	112470000	112480000	10	113550000	113560000
10	119180000	119190000	10	119870000	119880000
1	169590000	169600000	1	169710000	169720000
1	169930000	169940000	1	171180000	171190000
10	128270000	128280000	10	129960000	129970000
10	129020000	129030000	10	129960000	129970000
11	2190000	2200000	11	2900000	2910000
11	2540000	2550000	11	2880000	2890000
11	5120000	5130000	11	5890000	5900000
1	172750000	172760000	1	173200000	173210000
11	14520000	14530000	11	14890000	14900000
1	172740000	172750000	1	173820000	173830000
11	18540000	18550000	11	18720000	18730000
11	57330000	57340000	11	57640000	57650000
11	57340000	57350000	11	57530000	57540000
11	57560000	57570000	11	57640000	57650000
11	57660000	57670000	11	59140000	59150000
11	58570000	58580000	11	59140000	59150000
1	173430000	173440000	1	173820000	173830000
11	59170000	59180000	11	59430000	59440000
11	60260000	60270000	11	60750000	60760000
11	72470000	72480000	11	72670000	72680000
11	72720000	72730000	11	72810000	72820000
11	29440000	29450000	11	30320000	30330000
11	30120000	30130000	11	30320000	30330000
1	174770000	174780000	1	174990000	175000000
11	32320000	32330000	11	32790000	32800000
11	34170000	34180000	11	34350000	34360000
11	35480000	35490000	11	36510000	36520000
11	74700000	74710000	11	75240000	75250000
11	74930000	74940000	11	75240000	75250000
11	75020000	75030000	11	75240000	75250000
11	82910000	82920000	11	83070000	83080000
11	85700000	85710000	11	85810000	85820000
11	86020000	86030000	11	86240000	86250000
1	175470000	175480000	1	175740000	175750000
11	93670000	93680000	11	94490000	94500000
11	94170000	94180000	11	94490000	94500000
11	94970000	94980000	11	95790000	95800000
11	95070000	95080000	11	95780000	95790000
11	128030000	128040000	11	128860000	128870000
11	116910000	116920000	11	117090000	117100000
11	118190000	118200000	11	118350000	118360000
11	118670000	118680000	11	118950000	118960000
11	119090000	119100000	11	119310000	119320000
11	124660000	124670000	11	124750000	124760000
11	125600000	125610000	11	126210000	126220000
11	125910000	125920000	11	126260000	126270000
12	22080000	22090000	12	22330000	22340000
1	179080000	179090000	1	179360000	179370000
12	31650000	31660000	12	32670000	32680000
12	32360000	32370000	12	34020000	34030000
12	32680000	32690000	12	34020000	34030000
12	570000	580000	12	1590000	1600000
12	3880000	3890000	12	4270000	4280000
12	13100000	13110000	12	13190000	13200000
12	14250000	14260000	12	14360000	14370000
12	14790000	14800000	12	15880000	15890000
12	14940000	14950000	12	15880000	15890000
1	180510000	180520000	1	181020000	181030000
12	39590000	39600000	12	40100000	40110000
12	40010000	40020000	12	40100000	40110000
12	42230000	42240000	12	42320000	42330000
12	51040000	51050000	12	51340000	51350000
12	51260000	51270000	12	51340000	51350000
12	51410000	51420000	12	51810000	51820000
12	52150000	52160000	12	52320000	52330000
12	54230000	54240000	12	54360000	54370000
12	55820000	55830000	12	55930000	55940000
12	56300000	56310000	12	56460000	56470000
12	56630000	56640000	12	57080000	57090000
12	56750000	56760000	12	57070000	57080000
12	60680000	60690000	12	62190000	62200000
12	63830000	63840000	12	64390000	64400000
12	67440000	67450000	12	67640000	67650000
12	71770000	71780000	12	71930000	71940000
12	75330000	75340000	12	76030000	76040000
12	75510000	75520000	12	76340000	76350000
1	219990000	220000000	1	220780000	220790000
12	84870000	84880000	12	85030000	85040000
12	85460000	85470000	12	85870000	85880000
12	89020000	89030000	12	89520000	89530000
12	101930000	101940000	12	102480000	102490000
12	106230000	106240000	12	106350000	106360000
12	108550000	108560000	12	109090000	109100000
12	128750000	128760000	12	129900000	129910000
12	128970000	128980000	12	129900000	129910000
12	130030000	130040000	12	130330000	130340000
12	113190000	113200000	12	113420000	113430000
12	118170000	118180000	12	118370000	118380000
1	222770000	222780000	1	223660000	223670000
12	120330000	120340000	12	120440000	120450000
12	120720000	120730000	12	120970000	120980000
12	121910000	121920000	12	122020000	122030000
12	122630000	122640000	12	122750000	122760000
12	122970000	122980000	12	123230000	123240000
12	123260000	123270000	12	123600000	123610000
1	223700000	223710000	1	224330000	224340000
13	37060000	37070000	13	38340000	38350000
13	39040000	39050000	13	40770000	40780000
13	39410000	39420000	13	39600000	39610000
13	39680000	39690000	13	40770000	40780000
13	42970000	42980000	13	43870000	43880000
13	48120000	48130000	13	48230000	48240000
13	50120000	50130000	13	50900000	50910000
13	50800000	50810000	13	50900000	50910000
13	51130000	51140000	13	52120000	52130000
1	225480000	225490000	1	225770000	225780000
13	51430000	51440000	13	52120000	52130000
13	51450000	51460000	13	51580000	51590000
13	65650000	65660000	13	67230000	67240000
1	225990000	226000000	1	226060000	226070000
13	23470000	23480000	13	23880000	23890000
13	25830000	25840000	13	26050000	26060000
1	231230000	231240000	1	231330000	231340000
13	75370000	75380000	13	75540000	75550000
13	78130000	78140000	13	79400000	79410000
14	20320000	20330000	14	20680000	20690000
14	21010000	21020000	14	21100000	21110000
14	21240000	21250000	14	21380000	21390000
14	22570000	22580000	14	22980000	22990000
14	23320000	23330000	14	23460000	23470000
14	23320000	23330000	14	23550000	23560000
14	23470000	23480000	14	23550000	23560000
14	24340000	24350000	14	24420000	24430000
14	39100000	39110000	14	39430000	39440000
14	44930000	44940000	14	45250000	45260000
14	52820000	52830000	14	52950000	52960000
14	58500000	58510000	14	58630000	58640000
14	59120000	59130000	14	59570000	59580000
14	63800000	63810000	14	64290000	64300000
14	69240000	69250000	14	69570000	69580000
14	70610000	70620000	14	70800000	70810000
14	92120000	92130000	14	92790000	92800000
14	101960000	101970000	14	102310000	102320000
14	102050000	102060000	14	102310000	102320000
14	75700000	75710000	14	76370000	76380000
14	87940000	87950000	14	88380000	88390000
14	89030000	89040000	14	89410000	89420000
15	25510000	25520000	15	26860000	26870000
15	25950000	25960000	15	26860000	26870000
15	33750000	33760000	15	33960000	33970000
15	34100000	34110000	15	34210000	34220000
15	57560000	57570000	15	58060000	58070000
15	57740000	57750000	15	58060000	58070000
15	57860000	57870000	15	58060000	58070000
15	61870000	61880000	15	62060000	62070000
15	65610000	65620000	15	66290000	66300000
15	65880000	65890000	15	66290000	66300000
15	66370000	66380000	15	66490000	66500000
15	72360000	72370000	15	72470000	72480000
15	73300000	73310000	15	73630000	73640000
15	38720000	38730000	15	39580000	39590000
15	39120000	39130000	15	39580000	39590000
15	39780000	39790000	15	40030000	40040000
15	44580000	44590000	15	45110000	45120000
15	45160000	45170000	15	45400000	45410000
1	241520000	241530000	1	241840000	241850000
1	241620000	241630000	1	241840000	241850000
15	92810000	92820000	15	92900000	92910000
1	243250000	243260000	1	244450000	244460000
15	101090000	101100000	15	101250000	101260000
15	74370000	74380000	15	74610000	74620000
15	75030000	75040000	15	75200000	75210000
15	80450000	80460000	15	80770000	80780000
15	80560000	80570000	15	80770000	80780000
15	88470000	88480000	15	88620000	88630000
15	88630000	88640000	15	88890000	88900000
16	46850000	46860000	16	48150000	48160000
16	47030000	47040000	16	48150000	48160000
16	47130000	47140000	16	48150000	48160000
16	48360000	48370000	16	48610000	48620000
16	53540000	53550000	16	54930000	54940000
16	53930000	53940000	16	54930000	54940000
16	54280000	54290000	16	54930000	54940000
16	2210000	2220000	16	2490000	2500000
16	8650000	8660000	16	8880000	8890000
16	8660000	8670000	16	8790000	8800000
16	9150000	9160000	16	10180000	10190000
16	9640000	9650000	16	10180000	10190000
16	10960000	10970000	16	11250000	11260000
16	19580000	19590000	16	19880000	19890000
16	21970000	21980000	16	22290000	22300000
16	22200000	22210000	16	22290000	22300000
16	27180000	27190000	16	27400000	27410000
16	27630000	27640000	16	28060000	28070000
16	30980000	30990000	16	31440000	31450000
16	66950000	66960000	16	67170000	67180000
16	69140000	69150000	16	69290000	69300000
16	69390000	69400000	16	69750000	69760000
16	75440000	75450000	16	77190000	77200000
16	75640000	75650000	16	77190000	77200000
16	78120000	78130000	16	79600000	79610000
16	86070000	86080000	16	86510000	86520000
16	86340000	86350000	16	86510000	86520000
2	20670000	20680000	2	21120000	21130000
17	34410000	34420000	17	35120000	35130000
17	34540000	34550000	17	35120000	35130000
17	35160000	35170000	17	35530000	35540000
17	36610000	36620000	17	37370000	37380000
17	38980000	38990000	17	39160000	39170000
17	40910000	40920000	17	41310000	41320000
17	42570000	42580000	17	42960000	42970000
2	23820000	23830000	2	24070000	24080000
17	44200000	44210000	17	44340000	44350000
17	45400000	45410000	17	45840000	45850000
17	48020000	48030000	17	48610000	48620000
17	48330000	48340000	17	48590000	48600000
17	49560000	49570000	17	49990000	50000000
17	49570000	49580000	17	49840000	49850000
17	49860000	49870000	17	49990000	50000000
17	51000000	51010000	17	51150000	51160000
17	1900000	1910000	17	2020000	2030000
17	5240000	5250000	17	6430000	6440000
17	6460000	6470000	17	6640000	6650000
17	7030000	7040000	17	7300000	7310000
17	8400000	8410000	17	8740000	8750000
17	15250000	15260000	17	15990000	16000000
17	57120000	57130000	17	57740000	57750000
17	62700000	62710000	17	62960000	62970000
17	63430000	63440000	17	63600000	63610000
17	63900000	63910000	17	64130000	64140000
2	26960000	26970000	2	27280000	27290000
17	68040000	68050000	17	68450000	68460000
2	27100000	27110000	2	27280000	27290000
17	72720000	72730000	17	73230000	73240000
17	72980000	72990000	17	73160000	73170000
17	78860000	78870000	17	78970000	78980000
17	81260000	81270000	17	81520000	81530000
2	28580000	28590000	2	28750000	28760000
18	2990000	3000000	18	3240000	3250000
18	3280000	3290000	18	3450000	3460000
18	5880000	5890000	18	6410000	6420000
18	7270000	7280000	18	7560000	7570000
18	26090000	26100000	18	26220000	26230000
18	35400000	35410000	18	35580000	35590000
18	57060000	57070000	18	57430000	57440000
18	58530000	58540000	18	58670000	58680000
18	61630000	61640000	18	61890000	61900000
18	63130000	63140000	18	63310000	63320000
18	64030000	64040000	18	65750000	65760000
18	67220000	67230000	18	67510000	67520000
18	42110000	42120000	18	43270000	43280000
18	70930000	70940000	18	72540000	72550000
18	42300000	42310000	18	43270000	43280000
18	45670000	45680000	18	46070000	46080000
18	46140000	46150000	18	46650000	46660000
18	48670000	48680000	18	49480000	49490000
18	49480000	49490000	18	50280000	50290000
18	50010000	50020000	18	50190000	50200000
18	74640000	74650000	18	75200000	75210000
18	79380000	79390000	18	79950000	79960000
19	35050000	35060000	19	35130000	35140000
19	13880000	13890000	19	14060000	14070000
19	15610000	15620000	19	16170000	16180000
19	17430000	17440000	19	17850000	17860000
19	19530000	19540000	19	19640000	19650000
20	350000	360000	20	650000	660000
20	810000	820000	20	1200000	1210000
20	960000	970000	20	1200000	1210000
20	4610000	4620000	20	4720000	4730000
20	5540000	5550000	20	6000000	6010000
20	12930000	12940000	20	13780000	13790000
2	1860000	1870000	2	3650000	3660000
20	22340000	22350000	20	22580000	22590000
20	34540000	34550000	20	34700000	34710000
20	37400000	37410000	20	37520000	37530000
20	38640000	38650000	20	38740000	38750000
20	39260000	39270000	20	40680000	40690000
20	41730000	41740000	20	43180000	43190000
20	41960000	41970000	20	43180000	43190000
20	46520000	46530000	20	46680000	46690000
20	50800000	50810000	20	50930000	50940000
20	54660000	54670000	20	56240000	56250000
2	9800000	9810000	2	10040000	10050000
20	62180000	62190000	20	62380000	62390000
20	62400000	62410000	20	62800000	62810000
20	62650000	62660000	20	62790000	62800000
21	26160000	26170000	21	26960000	26970000
21	36150000	36160000	21	36320000	36330000
21	37700000	37710000	21	37910000	37920000
22	26680000	26690000	22	27800000	27810000
22	29610000	29620000	22	30080000	30090000
22	30280000	30290000	22	30380000	30390000
22	36540000	36550000	22	36770000	36780000
22	40920000	40930000	22	41240000	41250000
22	40940000	40950000	22	41090000	41100000
22	45440000	45450000	22	45970000	45980000
22	45570000	45580000	22	45970000	45980000
22	45640000	45650000	22	45970000	45980000
2	11830000	11840000	2	12710000	12720000
X	55140000	55150000	X	56720000	56730000
X	56280000	56290000	X	56720000	56730000
2	12040000	12050000	2	12710000	12720000
X	19370000	19380000	X	20110000	20120000
X	6020000	6030000	X	6220000	6230000
X	6020000	6030000	X	7920000	7930000
X	7130000	7140000	X	7920000	7930000
X	8000000	8010000	X	8730000	8740000
X	11140000	11150000	X	12900000	12910000
X	11530000	11540000	X	12900000	12910000
X	12070000	12080000	X	12900000	12910000
X	12950000	12960000	X	14020000	14030000
X	13510000	13520000	X	14020000	14030000
X	13660000	13670000	X	14020000	14030000
X	13750000	13760000	X	14020000	14030000
X	15480000	15490000	X	15670000	15680000
X	77900000	77910000	X	78100000	78110000
X	111690000	111700000	X	112840000	112850000
X	119510000	119520000	X	119750000	119760000
X	119780000	119790000	X	119870000	119880000
X	107650000	107660000	X	107770000	107780000
1	22120000	22130000	1	22640000	22650000
X	131850000	131860000	X	132210000	132220000
X	151150000	151160000	X	152630000	152640000
X	151730000	151740000	X	152630000	152640000
X	152950000	152960000	X	153510000	153520000
X	153760000	153770000	X	153940000	153950000
1	15790000	15800000	1	16040000	16050000
2	39910000	39920000	2	40450000	40460000
2	42820000	42830000	2	43590000	43600000
2	42950000	42960000	2	43220000	43230000
2	47420000	47430000	2	47780000	47790000
2	53770000	53780000	2	55610000	55620000
2	59300000	59310000	2	60550000	60560000
2	61150000	61160000	2	61880000	61890000
1	22420000	22430000	1	22640000	22650000
2	65280000	65290000	2	65430000	65440000
2	69730000	69740000	2	69820000	69830000
2	69900000	69910000	2	70290000	70300000
2	71540000	71550000	2	72140000	72150000
1	54940000	54950000	1	56810000	56820000
2	105330000	105340000	2	106190000	106200000
2	120670000	120680000	2	119750000	119760000
2	120540000	120550000	2	120340000	120350000
2	120670000	120680000	2	120340000	120350000
2	121070000	121080000	2	120340000	120350000
2	136380000	136390000	2	135980000	135990000
2	144880000	144890000	2	144520000	144530000
2	152010000	152020000	2	151260000	151270000
2	151410000	151420000	2	151280000	151290000
1	23180000	23190000	1	23090000	23100000
2	152620000	152630000	2	152330000	152340000
2	156580000	156590000	2	156330000	156340000
2	156890000	156900000	2	156330000	156340000
2	156420000	156430000	2	156330000	156340000
2	157480000	157490000	2	157320000	157330000
2	190060000	190070000	2	189660000	189670000
2	198120000	198130000	2	197800000	197810000
2	198290000	198300000	2	197800000	197810000
1	23630000	23640000	1	23550000	23560000
2	165870000	165880000	2	165230000	165240000
2	171410000	171420000	2	171160000	171170000
2	174980000	174990000	2	174760000	174770000
2	176640000	176650000	2	176120000	176130000
2	177140000	177150000	2	176120000	176130000
2	177760000	177770000	2	176120000	176130000
1	63440000	63450000	1	63320000	63330000
2	179750000	179760000	2	178110000	178120000
2	200700000	200710000	2	200580000	200590000
2	205920000	205930000	2	205680000	205690000
2	207720000	207730000	2	207620000	207630000
2	210170000	210180000	2	208260000	208270000
2	209550000	209560000	2	209420000	209430000
2	209960000	209970000	2	209420000	209430000
2	210190000	210200000	2	209420000	209430000
2	217160000	217170000	2	216690000	216700000
2	217500000	217510000	2	216690000	216700000
2	237740000	237750000	2	237590000	237600000
2	237670000	237680000	2	237590000	237600000
2	240140000	240150000	2	240050000	240060000
2	218650000	218660000	2	218270000	218280000
2	218380000	218390000	2	218290000	218300000
2	223950000	223960000	2	223830000	223840000
2	227760000	227770000	2	227470000	227480000
3	10290000	10300000	3	9790000	9800000
3	14910000	14920000	3	14670000	14680000
3	17400000	17410000	3	16600000	16610000
3	18750000	18760000	3	18420000	18430000
3	20180000	20190000	3	20040000	20050000
3	21890000	21900000	3	21750000	21760000
3	23790000	23800000	3	23200000	23210000
3	28330000	28340000	3	27360000	27370000
3	33070000	33080000	3	32950000	32960000
3	33370000	33380000	3	32950000	32960000
3	37770000	37780000	3	37450000	37460000
3	37960000	37970000	3	37860000	37870000
3	56980000	56990000	3	56800000	56810000
3	58160000	58170000	3	58000000	58010000
3	66810000	66820000	3	66500000	66510000
3	71860000	71870000	3	71720000	71730000
3	39280000	39290000	3	39190000	39200000
3	46070000	46080000	3	45940000	45950000
3	46890000	46900000	3	46700000	46710000
3	50540000	50550000	3	50350000	50360000
3	51380000	51390000	3	50350000	50360000
3	51670000	51680000	3	51390000	51400000
3	51670000	51680000	3	51500000	51510000
3	55730000	55740000	3	55480000	55490000
3	99770000	99780000	3	98590000	98600000
1	71060000	71070000	1	70220000	70230000
3	106200000	106210000	3	105860000	105870000
3	77310000	77320000	3	77040000	77050000
3	88160000	88170000	3	87220000	87230000
3	132410000	132420000	3	130740000	130750000
3	133580000	133590000	3	132720000	132730000
3	134480000	134490000	3	132720000	132730000
3	133800000	133810000	3	132720000	132730000
3	135500000	135510000	3	134790000	134800000
3	135890000	135900000	3	134790000	134800000
3	136040000	136050000	3	134790000	134800000
3	138920000	138930000	3	138180000	138190000
3	138910000	138920000	3	138590000	138600000
3	138680000	138690000	3	138600000	138610000
3	139200000	139210000	3	138940000	138950000
3	139320000	139330000	3	138940000	138950000
3	140860000	140870000	3	139930000	139940000
3	141850000	141860000	3	141730000	141740000
3	112980000	112990000	3	112640000	112650000
3	114050000	114060000	3	113740000	113750000
3	122670000	122680000	3	122560000	122570000
3	127540000	127550000	3	126510000	126520000
3	127460000	127470000	3	126520000	126530000
1	42740000	42750000	1	42330000	42340000
3	127540000	127550000	3	126980000	126990000
1	43070000	43080000	1	42780000	42790000
3	149260000	149270000	3	149120000	149130000
3	155070000	155080000	3	154320000	154330000
3	156660000	156670000	3	156550000	156560000
3	157130000	157140000	3	156670000	156680000
1	45300000	45310000	1	45010000	45020000
3	161410000	161420000	3	160440000	160450000
3	182250000	182260000	3	181710000	181720000
3	182680000	182690000	3	181710000	181720000
3	184780000	184790000	3	184360000	184370000
3	184530000	184540000	3	184370000	184380000
3	184780000	184790000	3	184560000	184570000
3	186790000	186800000	3	185930000	185940000
3	187160000	187170000	3	186840000	186850000
3	188420000	188430000	3	187740000	187750000
3	190690000	190700000	3	190380000	190390000
3	195250000	195260000	3	194670000	194680000
3	195100000	195110000	3	194680000	194690000
4	7070000	7080000	4	6710000	6720000
4	8400000	8410000	4	8260000	8270000
4	15650000	15660000	4	15000000	15010000
4	17800000	17810000	4	17610000	17620000
4	56810000	56820000	4	56500000	56510000
4	67900000	67910000	4	67550000	67560000
1	52680000	52690000	1	52400000	52410000
4	71000000	71010000	4	70830000	70840000
4	73250000	73260000	4	73060000	73070000
1	54810000	54820000	1	53450000	53460000
4	36320000	36330000	4	36240000	36250000
4	37380000	37390000	4	36240000	36250000
4	37770000	37780000	4	37680000	37690000
4	74150000	74160000	4	73060000	73070000
4	76060000	76070000	4	75900000	75910000
4	76740000	76750000	4	76430000	76440000
4	77040000	77050000	4	76430000	76440000
1	54480000	54490000	1	54400000	54410000
4	87010000	87020000	4	86930000	86940000
4	128830000	128840000	4	128280000	128290000
4	140360000	140370000	4	139660000	139670000
4	140240000	140250000	4	140150000	140160000
1	112700000	112710000	1	112390000	112400000
4	112760000	112770000	4	112630000	112640000
1	113930000	113940000	1	113810000	113820000
1	114420000	114430000	1	113970000	113980000
4	121800000	121810000	4	120060000	120070000
4	122920000	122930000	4	121690000	121700000
4	122920000	122930000	4	121820000	121830000
4	123650000	123660000	4	123390000	123400000
4	126400000	126410000	4	125310000	125320000
4	126600000	126610000	4	125310000	125320000
4	95090000	95100000	4	94750000	94760000
4	99050000	99060000	4	98140000	98150000
4	99800000	99810000	4	99560000	99570000
4	99880000	99890000	4	99560000	99570000
4	99940000	99950000	4	99560000	99570000
4	105460000	105470000	4	105140000	105150000
4	107720000	107730000	4	106310000	106320000
4	106810000	106820000	4	106360000	106370000
4	108520000	108530000	4	108160000	108170000
4	109700000	109710000	4	109430000	109440000
4	109810000	109820000	4	109700000	109710000
4	186930000	186940000	4	186720000	186730000
4	164730000	164740000	4	163470000	163480000
4	169480000	169490000	4	169010000	169020000
4	174290000	174300000	4	173330000	173340000
4	149020000	149030000	4	148440000	148450000
4	152380000	152390000	4	151270000	151280000
4	153570000	153580000	4	153340000	153350000
4	154320000	154330000	4	153780000	153790000
4	154510000	154520000	4	153780000	153790000
4	154620000	154630000	4	153780000	153790000
4	155360000	155370000	4	154550000	154560000
4	159190000	159200000	4	158720000	158730000
5	40870000	40880000	5	40750000	40760000
5	54210000	54220000	5	53480000	53490000
5	54850000	54860000	5	54510000	54520000
5	55150000	55160000	5	54510000	54520000
5	33960000	33970000	5	33440000	33450000
5	34460000	34470000	5	33440000	33450000
5	34920000	34930000	5	34000000	34010000
5	36400000	36410000	5	36060000	36070000
5	36690000	36700000	5	36240000	36250000
5	5410000	5420000	5	5140000	5150000
5	6720000	6730000	5	5420000	5430000
1	84760000	84770000	1	84140000	84150000
5	6730000	6740000	5	6370000	6380000
1	84430000	84440000	1	84140000	84150000
1	84620000	84630000	1	84140000	84150000
1	84930000	84940000	1	84140000	84150000
5	17180000	17190000	5	16930000	16940000
5	18110000	18120000	5	17210000	17220000
5	18300000	18310000	5	17210000	17220000
5	18290000	18300000	5	17440000	17450000
1	30920000	30930000	1	30720000	30730000
5	61320000	61330000	5	61160000	61170000
5	61640000	61650000	5	61160000	61170000
5	61630000	61640000	5	61330000	61340000
5	74900000	74910000	5	74760000	74770000
5	75670000	75680000	5	75050000	75060000
5	76250000	76260000	5	75050000	75060000
5	75680000	75690000	5	75330000	75340000
5	80650000	80660000	5	80480000	80490000
1	86500000	86510000	1	86390000	86400000
5	84250000	84260000	5	83720000	83730000
5	88680000	88690000	5	87410000	87420000
5	112150000	112160000	5	111220000	111230000
5	112140000	112150000	5	111750000	111760000
5	115830000	115840000	5	115620000	115630000
5	116060000	116070000	5	115620000	115630000
5	121940000	121950000	5	120460000	120470000
5	122090000	122100000	5	121960000	121970000
5	131100000	131110000	5	129900000	129910000
5	131260000	131270000	5	131170000	131180000
1	89450000	89460000	1	88990000	89000000
5	139270000	139280000	5	138570000	138580000
5	139960000	139970000	5	139790000	139800000
5	141550000	141560000	5	141220000	141230000
5	141550000	141560000	5	141340000	141350000
5	141540000	141550000	5	141420000	141430000
5	141960000	141970000	5	141680000	141690000
5	144170000	144180000	5	143400000	143410000
5	143820000	143830000	5	143400000	143410000
5	93900000	93910000	5	93580000	93590000
5	94720000	94730000	5	93580000	93590000
5	94850000	94860000	5	93580000	93590000
5	97160000	97170000	5	96870000	96880000
5	98900000	98910000	5	97180000	97190000
1	89750000	89760000	1	89630000	89640000
5	170200000	170210000	5	170100000	170110000
5	171380000	171390000	5	170290000	170300000
5	171900000	171910000	5	171410000	171420000
5	174310000	174320000	5	173610000	173620000
5	174310000	174320000	5	174040000	174050000
5	179580000	179590000	5	178230000	178240000
5	163340000	163350000	5	161540000	161550000
5	163400000	163410000	5	161540000	161550000
6	70100000	70110000	6	68630000	68640000
6	71010000	71020000	6	70300000	70310000
6	70670000	70680000	6	70410000	70420000
1	92590000	92600000	1	92480000	92490000
6	73120000	73130000	6	72620000	72630000
6	2100000	2110000	6	1600000	1610000
6	2190000	2200000	6	1600000	1610000
6	2350000	2360000	6	1600000	1610000
6	2630000	2640000	6	1600000	1610000
1	93850000	93860000	1	93440000	93450000
6	6400000	6410000	6	6320000	6330000
6	7990000	8000000	6	7720000	7730000
1	96800000	96810000	1	96720000	96730000
6	42210000	42220000	6	41770000	41780000
6	42050000	42060000	6	41780000	41790000
6	48770000	48780000	6	47780000	47790000
6	51350000	51360000	6	50810000	50820000
6	51530000	51540000	6	50810000	50820000
6	51950000	51960000	6	50810000	50820000
6	52020000	52030000	6	50810000	50820000
6	51840000	51850000	6	50810000	50820000
6	52390000	52400000	6	52280000	52290000
6	52660000	52670000	6	52280000	52290000
6	20520000	20530000	6	20400000	20410000
6	27130000	27140000	6	26040000	26050000
6	27820000	27830000	6	26030000	26040000
6	27870000	27880000	6	26030000	26040000
6	28090000	28100000	6	27910000	27920000
6	31080000	31090000	6	30740000	30750000
6	31070000	31080000	6	30910000	30920000
6	34410000	34420000	6	34240000	34250000
6	35730000	35740000	6	35290000	35300000
6	37200000	37210000	6	36880000	36890000
6	112040000	112050000	6	111250000	111260000
6	116640000	116650000	6	116270000	116280000
6	116640000	116650000	6	116550000	116560000
1	102780000	102790000	1	101990000	102000000
1	102970000	102980000	1	101990000	102000000
6	119980000	119990000	6	119340000	119350000
6	120370000	120380000	6	119340000	119350000
6	121840000	121850000	6	121430000	121440000
6	122470000	122480000	6	122390000	122400000
6	125110000	125120000	6	123800000	123810000
6	127110000	127120000	6	125300000	125310000
6	125970000	125980000	6	125300000	125310000
1	107530000	107540000	1	107050000	107060000
6	75520000	75530000	6	75280000	75290000
6	79230000	79240000	6	79070000	79080000
6	83200000	83210000	6	82240000	82250000
6	87240000	87250000	6	87150000	87160000
1	35770000	35780000	1	34780000	34790000
6	89600000	89610000	6	89430000	89440000
6	90380000	90390000	6	90290000	90300000
1	146010000	146020000	1	145910000	145920000
6	133540000	133550000	6	132530000	132540000
1	150980000	150990000	1	150250000	150260000
6	140440000	140450000	6	139370000	139380000
6	140910000	140920000	6	139370000	139380000
1	153200000	153210000	1	152870000	152880000
6	143430000	143440000	6	142140000	142150000
1	153490000	153500000	1	153350000	153360000
1	153760000	153770000	1	153670000	153680000
1	155050000	155060000	1	154560000	154570000
6	148950000	148960000	6	148740000	148750000
6	157600000	157610000	6	157320000	157330000
6	158130000	158140000	6	157320000	157330000
6	159120000	159130000	6	159000000	159010000
6	159650000	159660000	6	159160000	159170000
1	35710000	35720000	1	35570000	35580000
7	2340000	2350000	7	1570000	1580000
7	2340000	2350000	7	2230000	2240000
7	12320000	12330000	7	11830000	11840000
7	12490000	12500000	7	11830000	11840000
1	161370000	161380000	1	161200000	161210000
7	43720000	43730000	7	42930000	42940000
7	43700000	43710000	7	43580000	43590000
7	44920000	44930000	7	44580000	44590000
7	45260000	45270000	7	45150000	45160000
7	47810000	47820000	7	47580000	47590000
7	50670000	50680000	7	50090000	50100000
7	51150000	51160000	7	50090000	50100000
1	163170000	163180000	1	162860000	162870000
7	21240000	21250000	7	20780000	20790000
7	21990000	22000000	7	20780000	20790000
7	22080000	22090000	7	20780000	20790000
7	27160000	27170000	7	26200000	26210000
7	27760000	27770000	7	27200000	27210000
7	27920000	27930000	7	27200000	27210000
1	200810000	200820000	1	200620000	200630000
7	111720000	111730000	7	111090000	111100000
7	111710000	111720000	7	111560000	111570000
7	112390000	112400000	7	112200000	112210000
7	121080000	121090000	7	120980000	120990000
1	204370000	204380000	1	203860000	203870000
1	204130000	204140000	1	203860000	203870000
7	94070000	94080000	7	93900000	93910000
1	204360000	204370000	1	204160000	204170000
7	97840000	97850000	7	97110000	97120000
7	100410000	100420000	7	100110000	100120000
7	100860000	100870000	7	100460000	100470000
7	100560000	100570000	7	100470000	100480000
7	100860000	100870000	7	100600000	100610000
7	100850000	100860000	7	100700000	100710000
7	102290000	102300000	7	100880000	100890000
7	101060000	101070000	7	100890000	100900000
7	104910000	104920000	7	103440000	103450000
7	106020000	106030000	7	105870000	105880000
1	204950000	204960000	1	204820000	204830000
7	107870000	107880000	7	107740000	107750000
1	205250000	205260000	1	204820000	204830000
7	134950000	134960000	7	134520000	134530000
7	135160000	135170000	7	134980000	134990000
7	138740000	138750000	7	138000000	138010000
7	138860000	138870000	7	138000000	138010000
7	138740000	138750000	7	138460000	138470000
7	139990000	140000000	7	139770000	139780000
7	140310000	140320000	7	140170000	140180000
1	37680000	37690000	1	37590000	37600000
1	206980000	206990000	1	206610000	206620000
1	207400000	207410000	1	207080000	207090000
7	156470000	156480000	7	155810000	155820000
8	56210000	56220000	8	54450000	54460000
8	56780000	56790000	8	56440000	56450000
8	56920000	56930000	8	56440000	56450000
1	209690000	209700000	1	209580000	209590000
8	65940000	65950000	8	65840000	65850000
1	37860000	37870000	1	37690000	37700000
8	67480000	67490000	8	67340000	67350000
8	22140000	22150000	8	21910000	21920000
8	22580000	22590000	8	22230000	22240000
1	211490000	211500000	1	211320000	211330000
8	27590000	27600000	8	27310000	27320000
8	27420000	27430000	8	27320000	27330000
8	27760000	27770000	8	27610000	27620000
8	28320000	28330000	8	28090000	28100000
8	31110000	31120000	8	30910000	30920000
8	31180000	31190000	8	30910000	30920000
1	2380000	2390000	1	2190000	2200000
8	42140000	42150000	8	42050000	42060000
8	42800000	42810000	8	42690000	42700000
8	43070000	43080000	8	42690000	42700000
8	43690000	43700000	8	43090000	43100000
8	51520000	51530000	8	49910000	49920000
8	54150000	54160000	8	52710000	52720000
8	54000000	54010000	8	53840000	53850000
8	74330000	74340000	8	73290000	73300000
8	74330000	74340000	8	73970000	73980000
8	89610000	89620000	8	88320000	88330000
8	90570000	90580000	8	90000000	90010000
8	90940000	90950000	8	90000000	90010000
8	91070000	91080000	8	90000000	90010000
8	91070000	91080000	8	90980000	90990000
8	120950000	120960000	8	120120000	120130000
8	121830000	121840000	8	121640000	121650000
8	124450000	124460000	8	123260000	123270000
8	124450000	124460000	8	123390000	123400000
8	128190000	128200000	8	127730000	127740000
8	128660000	128670000	8	127730000	127740000
8	129550000	129560000	8	127730000	127740000
8	129680000	129690000	8	127730000	127740000
8	134820000	134830000	8	134710000	134720000
8	143040000	143050000	8	142780000	142790000
1	182580000	182590000	1	182450000	182460000
8	95020000	95030000	8	94940000	94950000
1	182780000	182790000	1	182600000	182610000
8	99350000	99360000	8	98940000	98950000
8	100690000	100700000	8	100140000	100150000
8	100820000	100830000	8	100140000	100150000
8	100540000	100550000	8	100150000	100160000
8	102800000	102810000	8	102650000	102660000
1	183610000	183620000	1	183470000	183480000
1	183910000	183920000	1	183650000	183660000
8	108450000	108460000	8	108240000	108250000
8	109540000	109550000	8	109330000	109340000
1	184690000	184700000	1	183650000	183660000
9	69000000	69010000	9	68780000	68790000
9	5420000	5430000	9	5180000	5190000
9	5590000	5600000	9	5180000	5190000
9	21110000	21120000	9	20620000	20630000
1	185680000	185690000	1	184970000	184980000
9	32570000	32580000	9	32380000	32390000
9	35470000	35480000	9	35110000	35120000
9	92630000	92640000	9	92320000	92330000
9	95880000	95890000	9	95500000	95510000
9	97110000	97120000	9	96850000	96860000
1	185670000	185680000	1	185310000	185320000
9	98010000	98020000	9	97930000	97940000
9	100580000	100590000	9	100440000	100450000
1	186980000	186990000	1	186290000	186300000
9	108270000	108280000	9	107480000	107490000
9	76650000	76660000	9	76450000	76460000
9	78210000	78220000	9	77170000	77180000
1	4820000	4830000	1	4650000	4660000
1	193020000	193030000	1	192800000	192810000
9	89920000	89930000	9	89600000	89610000
1	194290000	194300000	1	193180000	193190000
9	113660000	113670000	9	113270000	113280000
9	113400000	113410000	9	113300000	113310000
9	114290000	114300000	9	114090000	114100000
9	116570000	116580000	9	116150000	116160000
9	122980000	122990000	9	122470000	122480000
9	124850000	124860000	9	124770000	124780000
9	127900000	127910000	9	127770000	127780000
9	129780000	129790000	9	129130000	129140000
9	132570000	132580000	9	132410000	132420000
9	135410000	135420000	9	135080000	135090000
9	137410000	137420000	9	137300000	137310000
10	52480000	52490000	10	52310000	52320000
10	63150000	63160000	10	62260000	62270000
10	68730000	68740000	10	68520000	68530000
10	71700000	71710000	10	71310000	71320000
10	71810000	71820000	10	71310000	71320000
10	6400000	6410000	10	6200000	6210000
10	8450000	8460000	10	8050000	8060000
10	17860000	17870000	10	17610000	17620000
10	22240000	22250000	10	22000000	22010000
10	22320000	22330000	10	22000000	22010000
10	25690000	25700000	10	24720000	24730000
10	28240000	28250000	10	27740000	27750000
10	33140000	33150000	10	32950000	32960000
10	35210000	35220000	10	35120000	35130000
10	93350000	93360000	10	93070000	93080000
10	95840000	95850000	10	95690000	95700000
10	100430000	100440000	10	100330000	100340000
10	103060000	103070000	10	102910000	102920000
1	168070000	168080000	1	167720000	167730000
1	6410000	6420000	1	6240000	6250000
10	88380000	88390000	10	87860000	87870000
10	89560000	89570000	10	89250000	89260000
10	90860000	90870000	10	89250000	89260000
10	110570000	110580000	10	110300000	110310000
10	110880000	110890000	10	110300000	110310000
10	119420000	119430000	10	119200000	119210000
10	123560000	123570000	10	123130000	123140000
10	128070000	128080000	10	127890000	127900000
10	128000000	128010000	10	127900000	127910000
11	46530000	46540000	11	46380000	46390000
11	2390000	2400000	11	820000	830000
11	5000000	5010000	11	4630000	4640000
11	14890000	14900000	11	14520000	14530000
11	17500000	17510000	11	17380000	17390000
11	57640000	57650000	11	57330000	57340000
11	57640000	57650000	11	57560000	57570000
11	58510000	58520000	11	57660000	57670000
11	59140000	59150000	11	57660000	57670000
11	58510000	58520000	11	57740000	57750000
11	59140000	59150000	11	58570000	58580000
11	59430000	59440000	11	59170000	59180000
11	62110000	62120000	11	61790000	61800000
11	70190000	70200000	11	69700000	69710000
1	175000000	175010000	1	173860000	173870000
11	22780000	22790000	11	22330000	22340000
11	27480000	27490000	11	27360000	27370000
11	29150000	29160000	11	27700000	27710000
11	32170000	32180000	11	31810000	31820000
11	33330000	33340000	11	33160000	33170000
11	35400000	35410000	11	34510000	34520000
11	36130000	36140000	11	35610000	35620000
11	36260000	36270000	11	35610000	35620000
11	36480000	36490000	11	36290000	36300000
11	86290000	86300000	11	85850000	85860000
11	95790000	95800000	11	94970000	94980000
11	95700000	95710000	11	95230000	95240000
11	100930000	100940000	11	99020000	99030000
11	100840000	100850000	11	100680000	100690000
11	107680000	107690000	11	107560000	107570000
11	108650000	108660000	11	107560000	107570000
11	108650000	108660000	11	108000000	108010000
11	108650000	108660000	11	108120000	108130000
11	130880000	130890000	11	130420000	130430000
11	111230000	111240000	11	110710000	110720000
11	117110000	117120000	11	116790000	116800000
11	117940000	117950000	11	117820000	117830000
11	118050000	118060000	11	117820000	117830000
11	118950000	118960000	11	118670000	118680000
11	119310000	119320000	11	119090000	119100000
11	121110000	121120000	11	120510000	120520000
11	122750000	122760000	11	122650000	122660000
11	125870000	125880000	11	125160000	125170000
11	126990000	127000000	11	126300000	126310000
12	27300000	27310000	12	27010000	27020000
1	179360000	179370000	1	179080000	179090000
12	32670000	32680000	12	31650000	31660000
12	540000	550000	12	450000	460000
12	2280000	2290000	12	2050000	2060000
12	2580000	2590000	12	2050000	2060000
12	9040000	9050000	12	8660000	8670000
12	13210000	13220000	12	12810000	12820000
12	13200000	13210000	12	13000000	13010000
12	13190000	13200000	12	13100000	13110000
12	14990000	15000000	12	14840000	14850000
12	42320000	42330000	12	42230000	42240000
12	46660000	46670000	12	46370000	46380000
12	48160000	48170000	12	47960000	47970000
12	49510000	49520000	12	49360000	49370000
12	50060000	50070000	12	49960000	49970000
12	50630000	50640000	12	50500000	50510000
12	51350000	51360000	12	50760000	50770000
12	51340000	51350000	12	51040000	51050000
1	181150000	181160000	1	181030000	181040000
12	55940000	55950000	12	55740000	55750000
12	55930000	55940000	12	55820000	55830000
12	56460000	56470000	12	56300000	56310000
12	57080000	57090000	12	56630000	56640000
12	57070000	57080000	12	56750000	56760000
1	218990000	219000000	1	218340000	218350000
12	75500000	75510000	12	75330000	75340000
12	76030000	76040000	12	75330000	75340000
12	76040000	76050000	12	75510000	75520000
12	76340000	76350000	12	75510000	75520000
12	84390000	84400000	12	82680000	82690000
12	84490000	84500000	12	82680000	82690000
12	89460000	89470000	12	88140000	88150000
12	89450000	89460000	12	89350000	89360000
12	92570000	92580000	12	92140000	92150000
12	94430000	94440000	12	94140000	94150000
12	94530000	94540000	12	94140000	94150000
12	94990000	95000000	12	94140000	94150000
12	100730000	100740000	12	100350000	100360000
12	108520000	108530000	12	107680000	107690000
12	109380000	109390000	12	109110000	109120000
12	128380000	128390000	12	128260000	128270000
12	110600000	110610000	12	110450000	110460000
12	113160000	113170000	12	113050000	113060000
1	223090000	223100000	1	222730000	222740000
12	118030000	118040000	12	117190000	117200000
12	117830000	117840000	12	117360000	117370000
12	119540000	119550000	12	118980000	118990000
12	120970000	120980000	12	120720000	120730000
12	122020000	122030000	12	121910000	121920000
12	123230000	123240000	12	122970000	122980000
13	51580000	51590000	13	51450000	51460000
1	225970000	225980000	1	225650000	225660000
1	226060000	226070000	1	225990000	226000000
13	20480000	20490000	13	20190000	20200000
13	20830000	20840000	13	20190000	20200000
13	29260000	29270000	13	28820000	28830000
13	33720000	33730000	13	32580000	32590000
13	36820000	36830000	13	36430000	36440000
13	98420000	98430000	13	98140000	98150000
13	100520000	100530000	13	99980000	99990000
13	102780000	102790000	13	102590000	102600000
13	77720000	77730000	13	77020000	77030000
13	77720000	77730000	13	77320000	77330000
13	79390000	79400000	13	78600000	78610000
14	23460000	23470000	14	23320000	23330000
14	23550000	23560000	14	23320000	23330000
1	233240000	233250000	1	232630000	232640000
14	32220000	32230000	14	32070000	32080000
14	39430000	39440000	14	39100000	39110000
14	54780000	54790000	14	54560000	54570000
1	234730000	234740000	1	234610000	234620000
14	61830000	61840000	14	61280000	61290000
14	71740000	71750000	14	71320000	71330000
14	92680000	92690000	14	92120000	92130000
14	92790000	92800000	14	92120000	92130000
14	102310000	102320000	14	101960000	101970000
14	103290000	103300000	14	103090000	103100000
14	80840000	80850000	14	80210000	80220000
14	81180000	81190000	14	80950000	80960000
1	237560000	237570000	1	236600000	236610000
15	23860000	23870000	15	23640000	23650000
15	25490000	25500000	15	23640000	23650000
15	34210000	34220000	15	34100000	34110000
15	65290000	65300000	15	65180000	65190000
15	66290000	66300000	15	65610000	65620000
15	38670000	38680000	15	38560000	38570000
15	40030000	40040000	15	39780000	39790000
15	40420000	40430000	15	40340000	40350000
15	42650000	42660000	15	42540000	42550000
15	50440000	50450000	15	50350000	50360000
15	52140000	52150000	15	51970000	51980000
1	241620000	241630000	1	241530000	241540000
15	93610000	93620000	15	93080000	93090000
1	244450000	244460000	1	243250000	243260000
15	101000000	101010000	15	100910000	100920000
15	101640000	101650000	15	101290000	101300000
15	74760000	74770000	15	74360000	74370000
15	75650000	75660000	15	75360000	75370000
15	80160000	80170000	15	79890000	79900000
1	244260000	244270000	1	244050000	244060000
15	88450000	88460000	15	88250000	88260000
15	88850000	88860000	15	88630000	88640000
15	88890000	88900000	15	88630000	88640000
15	89870000	89880000	15	89750000	89760000
15	90070000	90080000	15	89890000	89900000
16	46810000	46820000	16	46680000	46690000
16	46910000	46920000	16	46680000	46690000
16	50640000	50650000	16	50360000	50370000
16	51980000	51990000	16	50680000	50690000
16	53140000	53150000	16	53050000	53060000
16	53210000	53220000	16	53050000	53060000
16	54930000	54940000	16	54280000	54290000
1	11640000	11650000	1	11040000	11050000
16	2490000	2500000	16	2210000	2220000
16	6640000	6650000	16	6010000	6020000
1	245380000	245390000	1	245150000	245160000
1	246000000	246010000	1	245150000	245160000
16	13450000	13460000	16	12900000	12910000
16	14270000	14280000	16	13920000	13930000
1	246450000	246460000	1	245150000	245160000
16	22290000	22300000	16	22200000	22210000
16	23430000	23440000	16	23180000	23190000
16	31440000	31450000	16	30980000	30990000
16	58740000	58750000	16	58510000	58520000
16	69120000	69130000	16	68530000	68540000
16	69110000	69120000	16	68840000	68850000
16	75760000	75770000	16	75200000	75210000
16	77190000	77200000	16	75640000	75650000
16	83210000	83220000	16	82620000	82630000
16	84060000	84070000	16	83950000	83960000
16	84480000	84490000	16	83950000	83960000
16	87070000	87080000	16	86560000	86570000
16	87180000	87190000	16	86560000	86570000
16	87280000	87290000	16	86560000	86570000
17	21510000	21520000	17	21120000	21130000
17	42960000	42970000	17	42570000	42580000
17	49690000	49700000	17	49570000	49580000
17	49840000	49850000	17	49570000	49580000
17	2260000	2270000	17	2050000	2060000
17	7300000	7310000	17	7030000	7040000
1	11630000	11640000	1	11470000	11480000
17	10840000	10850000	17	10730000	10740000
17	56780000	56790000	17	56590000	56600000
2	26930000	26940000	2	26840000	26850000
17	64010000	64020000	17	63910000	63920000
17	67690000	67700000	17	67370000	67380000
17	74180000	74190000	17	73640000	73650000
17	75750000	75760000	17	75630000	75640000
17	76290000	76300000	17	76000000	76010000
17	79390000	79400000	17	79070000	79080000
18	3580000	3590000	18	3450000	3460000
18	8790000	8800000	18	8700000	8710000
18	14080000	14090000	18	13820000	13830000
18	26220000	26230000	18	26090000	26100000
18	36660000	36670000	18	36290000	36300000
18	57610000	57620000	18	56650000	56660000
18	62570000	62580000	18	62180000	62190000
18	62960000	62970000	18	62710000	62720000
18	45010000	45020000	18	44680000	44690000
18	45210000	45220000	18	44680000	44690000
18	50280000	50290000	18	49480000	49490000
18	51050000	51060000	18	50820000	50830000
18	76350000	76360000	18	75200000	75210000
2	36500000	36510000	2	36350000	36360000
18	79520000	79530000	18	79390000	79400000
2	36660000	36670000	2	36350000	36360000
19	32570000	32580000	19	32340000	32350000
19	33100000	33110000	19	32970000	32980000
19	49210000	49220000	19	49080000	49090000
19	2620000	2630000	19	2470000	2480000
19	9790000	9800000	19	9620000	9630000
19	10240000	10250000	19	9930000	9940000
2	650000	660000	2	260000	270000
19	14680000	14690000	19	14570000	14580000
19	15560000	15570000	19	15080000	15090000
19	16030000	16040000	19	15610000	15620000
19	16170000	16180000	19	15610000	15620000
19	19640000	19650000	19	19530000	19540000
19	19950000	19960000	19	19530000	19540000
20	8380000	8390000	20	8130000	8140000
20	15920000	15930000	20	14330000	14340000
20	19580000	19590000	20	19210000	19220000
20	38880000	38890000	20	38800000	38810000
2	7010000	7020000	2	6910000	6920000
20	43680000	43690000	20	43450000	43460000
20	44070000	44080000	20	43450000	43460000
20	44600000	44610000	20	44210000	44220000
20	44660000	44670000	20	44210000	44220000
20	45950000	45960000	20	45810000	45820000
20	50450000	50460000	20	50190000	50200000
20	53730000	53740000	20	53590000	53600000
20	56490000	56500000	20	56390000	56400000
20	57480000	57490000	20	57390000	57400000
20	59460000	59470000	20	58220000	58230000
20	62380000	62390000	20	62180000	62190000
20	62800000	62810000	20	62400000	62410000
21	39120000	39130000	21	38800000	38810000
21	40120000	40130000	21	39860000	39870000
21	25720000	25730000	21	25600000	25610000
21	26160000	26170000	21	25600000	25610000
2	10660000	10670000	2	10440000	10450000
21	32120000	32130000	21	30490000	30500000
21	34080000	34090000	21	33930000	33940000
21	36320000	36330000	21	36150000	36160000
2	11450000	11460000	2	11130000	11140000
22	25040000	25050000	22	24770000	24780000
22	25780000	25790000	22	25210000	25220000
22	26330000	26340000	22	25210000	25220000
2	11580000	11590000	2	11130000	11140000
22	30380000	30390000	22	30280000	30290000
22	41930000	41940000	22	41680000	41690000
X	65520000	65530000	X	64200000	64210000
X	69220000	69230000	X	68820000	68830000
X	69280000	69290000	X	68820000	68830000
X	70020000	70030000	X	69500000	69510000
X	47640000	47650000	X	47190000	47200000
X	7080000	7090000	X	6220000	6230000
X	13080000	13090000	X	12970000	12980000
X	16700000	16710000	X	15670000	15680000
2	16750000	16760000	2	15940000	15950000
X	76150000	76160000	X	74610000	74620000
X	79260000	79270000	X	78130000	78140000
X	112630000	112640000	X	111870000	111880000
X	104130000	104140000	X	103830000	103840000
X	109630000	109640000	X	109480000	109490000
X	130910000	130920000	X	130330000	130340000
X	130910000	130920000	X	130400000	130410000
X	134900000	134910000	X	134790000	134800000
X	152630000	152640000	X	151730000	151740000
X	152910000	152920000	X	151730000	151740000
X	153940000	153950000	X	153760000	153770000
2	19870000	19880000	2	19350000	19360000
1	16180000	16190000	1	16070000	16080000
2	54510000	54520000	2	54110000	54120000
2	56740000	56750000	2	56180000	56190000
2	57500000	57510000	2	56180000	56190000
1	19090000	19100000	1	18900000	18910000
2	64740000	64750000	2	64650000	64660000
2	67460000	67470000	2	66430000	66440000
2	70070000	70080000	2	69910000	69920000
2	70140000	70150000	2	69910000	69920000
2	96950000	96960000	2	96850000	96860000
2	106190000	106200000	2	105330000	105340000
2	79870000	79880000	2	79020000	79030000
