chr1	start1	end1	chr2	start2	end2
2	9140000	9150000	2	10040000	10050000
20	57380000	57390000	20	57490000	57500000
20	57400000	57410000	20	58890000	58900000
20	58220000	58230000	20	59450000	59460000
20	58230000	58240000	20	58650000	58660000
2	9810000	9820000	2	10040000	10050000
20	59950000	59960000	20	61890000	61900000
20	60050000	60060000	20	61250000	61260000
20	60210000	60220000	20	61250000	61260000
20	62010000	62020000	20	62380000	62390000
20	62190000	62200000	20	62380000	62390000
20	62300000	62310000	20	62380000	62390000
20	62300000	62310000	20	62800000	62810000
20	62400000	62410000	20	62800000	62810000
20	62500000	62510000	20	62790000	62800000
20	62660000	62670000	20	62790000	62800000
20	63540000	63550000	20	63960000	63970000
21	18400000	18410000	21	18480000	18490000
21	25600000	25610000	21	26170000	26180000
21	26840000	26850000	21	27700000	27710000
2	10440000	10450000	2	10660000	10670000
21	30340000	30350000	21	31070000	31080000
21	30340000	30350000	21	31170000	31180000
21	30340000	30350000	21	31600000	31610000
21	30820000	30830000	21	31600000	31610000
2	11130000	11140000	2	11580000	11590000
21	33930000	33940000	21	34080000	34090000
2	11130000	11140000	2	11450000	11460000
21	37710000	37720000	21	37910000	37920000
21	42920000	42930000	21	43640000	43650000
21	43800000	43810000	21	44300000	44310000
21	44330000	44340000	21	44790000	44800000
21	44500000	44510000	21	44920000	44930000
21	45150000	45160000	21	45280000	45290000
21	45280000	45290000	21	45820000	45830000
2	11670000	11680000	2	13000000	13010000
22	24420000	24430000	22	24510000	24520000
22	24770000	24780000	22	25040000	25050000
22	26680000	26690000	22	27800000	27810000
22	27400000	27410000	22	27800000	27810000
22	30280000	30290000	22	30380000	30390000
2	11830000	11840000	2	12710000	12720000
22	30630000	30640000	22	30910000	30920000
22	30760000	30770000	22	31140000	31150000
22	31660000	31670000	22	31950000	31960000
2	12040000	12050000	2	12710000	12720000
22	36540000	36550000	22	36770000	36780000
22	36770000	36780000	22	36980000	36990000
22	17080000	17090000	22	18100000	18110000
22	38870000	38880000	22	39120000	39130000
22	39010000	39020000	22	39110000	39120000
22	39150000	39160000	22	40030000	40040000
22	39340000	39350000	22	40030000	40040000
22	39530000	39540000	22	40340000	40350000
22	40920000	40930000	22	41240000	41250000
22	41690000	41700000	22	41930000	41940000
22	41820000	41830000	22	41940000	41950000
22	41960000	41970000	22	42460000	42470000
22	45260000	45270000	22	45970000	45980000
22	45440000	45450000	22	45970000	45980000
22	45570000	45580000	22	45970000	45980000
22	45640000	45650000	22	45970000	45980000
22	49770000	49780000	22	49910000	49920000
22	49930000	49940000	22	50200000	50210000
22	50250000	50260000	22	50610000	50620000
22	50260000	50270000	22	50490000	50500000
X	56270000	56280000	X	56720000	56730000
X	64200000	64210000	X	65520000	65530000
X	68820000	68830000	X	69150000	69160000
X	68820000	68830000	X	69220000	69230000
X	68820000	68830000	X	69280000	69290000
X	68820000	68830000	X	69380000	69390000
X	69500000	69510000	X	70100000	70110000
X	23690000	23700000	X	24050000	24060000
X	30560000	30570000	X	30880000	30890000
X	30640000	30650000	X	30880000	30890000
X	38800000	38810000	X	38880000	38890000
2	15940000	15950000	2	17660000	17670000
X	43950000	43960000	X	44540000	44550000
2	16640000	16650000	2	17810000	17820000
X	47190000	47200000	X	47520000	47530000
X	47190000	47200000	X	47640000	47650000
X	47210000	47220000	X	47370000	47380000
X	48070000	48080000	X	48570000	48580000
X	53310000	53320000	X	55160000	55170000
X	6020000	6030000	X	7920000	7930000
X	6220000	6230000	X	7070000	7080000
X	7130000	7140000	X	7920000	7930000
X	7990000	8000000	X	8730000	8740000
X	9340000	9350000	X	9460000	9470000
X	10000000	10010000	X	11110000	11120000
X	10000000	10010000	X	11750000	11760000
X	11130000	11140000	X	12900000	12910000
X	13510000	13520000	X	14020000	14030000
X	13660000	13670000	X	14020000	14030000
X	13750000	13760000	X	14020000	14030000
X	14050000	14060000	X	14520000	14530000
X	14870000	14880000	X	16710000	16720000
X	14870000	14880000	X	16780000	16790000
X	15330000	15340000	X	16790000	16800000
X	15490000	15500000	X	16440000	16450000
X	15840000	15850000	X	16120000	16130000
X	18250000	18260000	X	18350000	18360000
X	102150000	102160000	X	102830000	102840000
X	103680000	103690000	X	104140000	104150000
X	107000000	107010000	X	107640000	107650000
X	107650000	107660000	X	107770000	107780000
2	56180000	56190000	2	56740000	56750000
2	56180000	56190000	2	57500000	57510000
X	77430000	77440000	X	78100000	78110000
X	77910000	77920000	X	79440000	79450000
X	78130000	78140000	X	79260000	79270000
X	78130000	78140000	X	78520000	78530000
X	80810000	80820000	X	81200000	81210000
X	109730000	109740000	X	110320000	110330000
X	111870000	111880000	X	112360000	112370000
X	111870000	111880000	X	112730000	112740000
X	119500000	119510000	X	119890000	119900000
X	119500000	119510000	X	119750000	119760000
X	119780000	119790000	X	119870000	119880000
X	123960000	123970000	X	124030000	124040000
X	129600000	129610000	X	129900000	129910000
X	129610000	129620000	X	129730000	129740000
X	129900000	129910000	X	131800000	131810000
X	130330000	130340000	X	130910000	130920000
X	131850000	131860000	X	132210000	132220000
X	132740000	132750000	X	132950000	132960000
X	134370000	134380000	X	135970000	135980000
X	134790000	134800000	X	134900000	134910000
X	134800000	134810000	X	135960000	135970000
X	136010000	136020000	X	136490000	136500000
X	138770000	138780000	X	139960000	139970000
X	140800000	140810000	X	141170000	141180000
X	149500000	149510000	X	151390000	151400000
X	150770000	150780000	X	152630000	152640000
X	151150000	151160000	X	152630000	152640000
X	151500000	151510000	X	152630000	152640000
X	151750000	151760000	X	152630000	152640000
X	152940000	152950000	X	154430000	154440000
Y	20570000	20580000	Y	20750000	20760000
2	64650000	64660000	2	64740000	64750000
2	66430000	66440000	2	68020000	68030000
2	69730000	69740000	2	70290000	70300000
2	69900000	69910000	2	70290000	70300000
2	69910000	69920000	2	70070000	70080000
2	69910000	69920000	2	70140000	70150000
2	70790000	70800000	2	70940000	70950000
2	71290000	71300000	2	72140000	72150000
2	71540000	71550000	2	72140000	72150000
2	39120000	39130000	2	39220000	39230000
2	39910000	39920000	2	40450000	40460000
2	42820000	42830000	2	43590000	43600000
2	42950000	42960000	2	43220000	43230000
2	43130000	43140000	2	43220000	43230000
2	45650000	45660000	2	45770000	45780000
1	11030000	11040000	1	11730000	11740000
2	54110000	54120000	2	54500000	54510000
2	96850000	96860000	2	96950000	96960000
2	101020000	101030000	2	101150000	101160000
1	11650000	11660000	1	11730000	11740000
2	105340000	105350000	2	106190000	106200000
2	74480000	74490000	2	74580000	74590000
1	12400000	12410000	1	12610000	12620000
2	85410000	85420000	2	85540000	85550000
2	88450000	88460000	2	89810000	89820000
1	22120000	22130000	1	22640000	22650000
2	120340000	120350000	2	120670000	120680000
2	120340000	120350000	2	121070000	121080000
2	127880000	127890000	2	128100000	128110000
2	130350000	130360000	2	131100000	131110000
2	134920000	134930000	2	135870000	135880000
2	135920000	135930000	2	136110000	136120000
2	135990000	136000000	2	136110000	136120000
2	136110000	136120000	2	136370000	136380000
1	15120000	15130000	1	15430000	15440000
1	15320000	15330000	1	15430000	15440000
2	144520000	144530000	2	144890000	144900000
2	151280000	151290000	2	152690000	152700000
2	151820000	151830000	2	152710000	152720000
2	151970000	151980000	2	153520000	153530000
2	152040000	152050000	2	152170000	152180000
2	152330000	152340000	2	152620000	152630000
2	156330000	156340000	2	156410000	156420000
1	17120000	17130000	1	17240000	17250000
2	157320000	157330000	2	157470000	157480000
2	162150000	162160000	2	162290000	162300000
2	165000000	165010000	2	166120000	166130000
2	165010000	165020000	2	165200000	165210000
2	165230000	165240000	2	165870000	165880000
2	165400000	165410000	2	166120000	166130000
2	168160000	168170000	2	168240000	168250000
2	169930000	169940000	2	170810000	170820000
2	170230000	170240000	2	170810000	170820000
2	170810000	170820000	2	172090000	172100000
2	170960000	170970000	2	171430000	171440000
2	171160000	171170000	2	171410000	171420000
1	22420000	22430000	1	22640000	22650000
1	18900000	18910000	1	19090000	19100000
2	173570000	173580000	2	174330000	174340000
2	173750000	173760000	2	174330000	174340000
2	174330000	174340000	2	176090000	176100000
2	174720000	174730000	2	176090000	176100000
2	175030000	175040000	2	176090000	176100000
2	175110000	175120000	2	176090000	176100000
2	175250000	175260000	2	176090000	176100000
2	175360000	175370000	2	176090000	176100000
2	175680000	175690000	2	176090000	176100000
2	176120000	176130000	2	176650000	176660000
2	176120000	176130000	2	177320000	177330000
2	176120000	176130000	2	177420000	177430000
2	176120000	176130000	2	177750000	177760000
2	178110000	178120000	2	178410000	178420000
2	178110000	178120000	2	179750000	179760000
2	181300000	181310000	2	181450000	181460000
2	199970000	199980000	2	200580000	200590000
2	200580000	200590000	2	200700000	200710000
2	200900000	200910000	2	201070000	201080000
2	201240000	201250000	2	201780000	201790000
2	201350000	201360000	2	202170000	202180000
2	205680000	205690000	2	205920000	205930000
1	22970000	22980000	1	23180000	23190000
2	207620000	207630000	2	207720000	207730000
2	208260000	208270000	2	210170000	210180000
2	209420000	209430000	2	209550000	209560000
2	209420000	209430000	2	210190000	210200000
2	212680000	212690000	2	213150000	213160000
2	212770000	212780000	2	213150000	213160000
1	41570000	41580000	1	42160000	42170000
2	216690000	216700000	2	217150000	217160000
1	42330000	42340000	1	42740000	42750000
2	189660000	189670000	2	189770000	189780000
2	189660000	189670000	2	190060000	190070000
1	42570000	42580000	1	42740000	42750000
2	189660000	189670000	2	191010000	191020000
2	189790000	189800000	2	190060000	190070000
2	189770000	189780000	2	191010000	191020000
1	42780000	42790000	1	43070000	43080000
1	42780000	42790000	1	43410000	43420000
2	195570000	195580000	2	196060000	196070000
2	195660000	195670000	2	196060000	196070000
1	22970000	22980000	1	23400000	23410000
2	197800000	197810000	2	198290000	198300000
2	198310000	198320000	2	199850000	199860000
2	235770000	235780000	2	237560000	237570000
2	236500000	236510000	2	237040000	237050000
2	237150000	237160000	2	237560000	237570000
2	238360000	238370000	2	240140000	240150000
1	43520000	43530000	1	43930000	43940000
2	239030000	239040000	2	240140000	240150000
2	240050000	240060000	2	240140000	240150000
2	240050000	240060000	2	240430000	240440000
2	240150000	240160000	2	240430000	240440000
2	240230000	240240000	2	240430000	240440000
2	217780000	217790000	2	218060000	218070000
2	218160000	218170000	2	218840000	218850000
2	218280000	218290000	2	218650000	218660000
2	218290000	218300000	2	218380000	218390000
2	218400000	218410000	2	218650000	218660000
2	218990000	219000000	2	219140000	219150000
2	219040000	219050000	2	219140000	219150000
2	219160000	219170000	2	219290000	219300000
2	219160000	219170000	2	219360000	219370000
1	43760000	43770000	1	43930000	43940000
2	220680000	220690000	2	221570000	221580000
2	227130000	227140000	2	227870000	227880000
2	227370000	227380000	2	227470000	227480000
1	44790000	44800000	1	45490000	45500000
2	227470000	227480000	2	227760000	227770000
2	227890000	227900000	2	229270000	229280000
2	227890000	227900000	2	229710000	229720000
2	230060000	230070000	2	230150000	230160000
1	23090000	23100000	1	23180000	23190000
1	45010000	45020000	1	45300000	45310000
2	231610000	231620000	2	231700000	231710000
2	232600000	232610000	2	233710000	233720000
2	232850000	232860000	2	233250000	233260000
1	45010000	45020000	1	45490000	45500000
2	233850000	233860000	2	234500000	234510000
2	234280000	234290000	2	234490000	234500000
3	1440000	1450000	3	3170000	3180000
3	11380000	11390000	3	11640000	11650000
3	14650000	14660000	3	14920000	14930000
3	15180000	15190000	3	16170000	16180000
3	15200000	15210000	3	15800000	15810000
3	15820000	15830000	3	16170000	16180000
1	23550000	23560000	1	23630000	23640000
3	18420000	18430000	3	18750000	18760000
3	38120000	38130000	3	38280000	38290000
3	38340000	38350000	3	38470000	38480000
3	39100000	39110000	3	39280000	39290000
3	39190000	39200000	3	39280000	39290000
3	39420000	39430000	3	40310000	40320000
3	40190000	40200000	3	40310000	40320000
3	41950000	41960000	3	42090000	42100000
3	42780000	42790000	3	42870000	42880000
3	44320000	44330000	3	44510000	44520000
3	45940000	45950000	3	46070000	46080000
3	45940000	45950000	3	46370000	46380000
3	46700000	46710000	3	46890000	46900000
3	46700000	46710000	3	47350000	47360000
3	48260000	48270000	3	48430000	48440000
3	49170000	49180000	3	49450000	49460000
3	50350000	50360000	3	50540000	50550000
3	50350000	50360000	3	51960000	51970000
3	50670000	50680000	3	51320000	51330000
3	51500000	51510000	3	51670000	51680000
3	51500000	51510000	3	51800000	51810000
3	18420000	18430000	3	20040000	20050000
3	19950000	19960000	3	20180000	20190000
3	20040000	20050000	3	20120000	20130000
3	20040000	20050000	3	20180000	20190000
1	19910000	19920000	1	20630000	20640000
3	27360000	27370000	3	27460000	27470000
3	31220000	31230000	3	31530000	31540000
3	32510000	32520000	3	33790000	33800000
3	32730000	32740000	3	33790000	33800000
3	32950000	32960000	3	33070000	33080000
3	32950000	32960000	3	33370000	33380000
3	37450000	37460000	3	37770000	37780000
3	56800000	56810000	3	56980000	56990000
3	58000000	58010000	3	58160000	58170000
3	58180000	58190000	3	58300000	58310000
3	58180000	58190000	3	58530000	58540000
3	58310000	58320000	3	58530000	58540000
1	52400000	52410000	1	52670000	52680000
3	58640000	58650000	3	59050000	59060000
3	62200000	62210000	3	63810000	63820000
3	62330000	62340000	3	63810000	63820000
3	62620000	62630000	3	63810000	63820000
3	63350000	63360000	3	63810000	63820000
3	66500000	66510000	3	66800000	66810000
3	71000000	71010000	3	71580000	71590000
1	53480000	53490000	1	54800000	54810000
3	71720000	71730000	3	71850000	71860000
3	72940000	72950000	3	73060000	73070000
3	87270000	87280000	3	88170000	88180000
1	53860000	53870000	1	54800000	54810000
3	88020000	88030000	3	88140000	88150000
3	98040000	98050000	3	98490000	98500000
1	54060000	54070000	1	54800000	54810000
3	98590000	98600000	3	98990000	99000000
3	99820000	99830000	3	101570000	101580000
3	104580000	104590000	3	105360000	105370000
1	54940000	54950000	1	56810000	56820000
3	128080000	128090000	3	128490000	128500000
3	129160000	129170000	3	129240000	129250000
3	130750000	130760000	3	130890000	130900000
3	130750000	130760000	3	132410000	132420000
3	132720000	132730000	3	133490000	133500000
3	132720000	132730000	3	133580000	133590000
3	132730000	132740000	3	133400000	133410000
3	132720000	132730000	3	133810000	133820000
3	132720000	132730000	3	134210000	134220000
3	132720000	132730000	3	134480000	134490000
3	133810000	133820000	3	134480000	134490000
3	134790000	134800000	3	135890000	135900000
1	55280000	55290000	1	56810000	56820000
3	134790000	134800000	3	136030000	136040000
3	136070000	136080000	3	136750000	136760000
3	136750000	136760000	3	137010000	137020000
3	138180000	138190000	3	138920000	138930000
3	138590000	138600000	3	138910000	138920000
3	139930000	139940000	3	140860000	140870000
3	141730000	141740000	3	141890000	141900000
3	111710000	111720000	3	111970000	111980000
1	56410000	56420000	1	56570000	56580000
3	112120000	112130000	3	112290000	112300000
1	56830000	56840000	1	58540000	58550000
3	121540000	121550000	3	122540000	122550000
3	121550000	121560000	3	123020000	123030000
3	122390000	122400000	3	122680000	122690000
3	122560000	122570000	3	122670000	122680000
3	126520000	126530000	3	127540000	127550000
3	126520000	126530000	3	126660000	126670000
3	126520000	126530000	3	127450000	127460000
3	126980000	126990000	3	127540000	127550000
1	58780000	58790000	1	59290000	59300000
3	169140000	169150000	3	169660000	169670000
3	169860000	169870000	3	170030000	170040000
3	169860000	169870000	3	170820000	170830000
3	170410000	170420000	3	170820000	170830000
3	172030000	172040000	3	172320000	172330000
3	172030000	172040000	3	172660000	172670000
3	177190000	177200000	3	177350000	177360000
3	179010000	179020000	3	179560000	179570000
3	179330000	179340000	3	179560000	179570000
3	179580000	179590000	3	180980000	180990000
3	179590000	179600000	3	180600000	180610000
3	179640000	179650000	3	180600000	180610000
3	180600000	180610000	3	180980000	180990000
3	149120000	149130000	3	149260000	149270000
3	153160000	153170000	3	153760000	153770000
3	154320000	154330000	3	155860000	155870000
3	156550000	156560000	3	156660000	156670000
3	156670000	156680000	3	157080000	157090000
3	156680000	156690000	3	156820000	156830000
3	157160000	157170000	3	158660000	158670000
3	159270000	159280000	3	160340000	160350000
3	184170000	184180000	3	185920000	185930000
3	184310000	184320000	3	185920000	185930000
3	184360000	184370000	3	184790000	184800000
3	184370000	184380000	3	184530000	184540000
3	184570000	184580000	3	184710000	184720000
3	185940000	185950000	3	186800000	186810000
3	185970000	185980000	3	186540000	186550000
3	185970000	185980000	3	186610000	186620000
3	186090000	186100000	3	186540000	186550000
3	186250000	186260000	3	186540000	186550000
3	186610000	186620000	3	186810000	186820000
3	186620000	186630000	3	187700000	187710000
3	187740000	187750000	3	188420000	188430000
3	187740000	187750000	3	188580000	188590000
3	187740000	187750000	3	188750000	188760000
3	193780000	193790000	3	194130000	194140000
3	194670000	194680000	3	195250000	195260000
3	194680000	194690000	3	194960000	194970000
4	21780000	21790000	4	22690000	22700000
4	22690000	22700000	4	24420000	24430000
4	26060000	26070000	4	26320000	26330000
4	36240000	36250000	4	37380000	37390000
4	36240000	36250000	4	36320000	36330000
4	37680000	37690000	4	37770000	37780000
4	56420000	56430000	4	56820000	56830000
4	67540000	67550000	4	68330000	68340000
4	67540000	67550000	4	67710000	67720000
4	67550000	67560000	4	67900000	67910000
4	67550000	67560000	4	67630000	67640000
4	70590000	70600000	4	71710000	71720000
4	70590000	70600000	4	72300000	72310000
4	71180000	71190000	4	71710000	71720000
4	73060000	73070000	4	73250000	73260000
4	1350000	1360000	4	1720000	1730000
4	3110000	3120000	4	3460000	3470000
4	3340000	3350000	4	3440000	3450000
1	25500000	25510000	1	25800000	25810000
4	6710000	6720000	4	7070000	7080000
4	6900000	6910000	4	6980000	6990000
4	7190000	7200000	4	7720000	7730000
4	7190000	7200000	4	7790000	7800000
1	64740000	64750000	1	65040000	65050000
4	8440000	8450000	4	10100000	10110000
4	10580000	10590000	4	11420000	11430000
4	11420000	11430000	4	12630000	12640000
4	12040000	12050000	4	13540000	13550000
4	12850000	12860000	4	13540000	13550000
4	13640000	13650000	4	15000000	15010000
4	15000000	15010000	4	15650000	15660000
4	15000000	15010000	4	16220000	16230000
4	15960000	15970000	4	16260000	16270000
4	17610000	17620000	4	17800000	17810000
4	17810000	17820000	4	18590000	18600000
4	38060000	38070000	4	38860000	38870000
4	38760000	38770000	4	38860000	38870000
4	39460000	39470000	4	39970000	39980000
4	39690000	39700000	4	39970000	39980000
4	40740000	40750000	4	40900000	40910000
4	40920000	40930000	4	41210000	41220000
4	47690000	47700000	4	47830000	47840000
4	48130000	48140000	4	48280000	48290000
4	51890000	51900000	4	52020000	52030000
4	53910000	53920000	4	54220000	54230000
4	55340000	55350000	4	55550000	55560000
4	98140000	98150000	4	98450000	98460000
4	98140000	98150000	4	99880000	99890000
4	99560000	99570000	4	99800000	99810000
4	99560000	99570000	4	99880000	99890000
4	99560000	99570000	4	99940000	99950000
4	99810000	99820000	4	99940000	99950000
4	102440000	102450000	4	103090000	103100000
4	102610000	102620000	4	103090000	103100000
4	103930000	103940000	4	105470000	105480000
4	105130000	105140000	4	105470000	105480000
4	105140000	105150000	4	105710000	105720000
4	105140000	105150000	4	106310000	106320000
4	105700000	105710000	4	106320000	106330000
4	106360000	106370000	4	106810000	106820000
4	108000000	108010000	4	109810000	109820000
4	109420000	109430000	4	109810000	109820000
4	109430000	109440000	4	109560000	109570000
4	109430000	109440000	4	109680000	109690000
4	109700000	109710000	4	109810000	109820000
4	127960000	127970000	4	128060000	128070000
4	128280000	128290000	4	129090000	129100000
4	128570000	128580000	4	128800000	128810000
4	139660000	139670000	4	140350000	140360000
4	140150000	140160000	4	140240000	140250000
4	141150000	141160000	4	142840000	142850000
4	141310000	141320000	4	142840000	142850000
4	142120000	142130000	4	142840000	142850000
4	142350000	142360000	4	142840000	142850000
4	143190000	143200000	4	145090000	145100000
4	145150000	145160000	4	145610000	145620000
4	145220000	145230000	4	145610000	145620000
4	75900000	75910000	4	76060000	76070000
4	75990000	76000000	4	76500000	76510000
4	76430000	76440000	4	77040000	77050000
4	78630000	78640000	4	78770000	78780000
4	80610000	80620000	4	81030000	81040000
4	83490000	83500000	4	84960000	84970000
4	84750000	84760000	4	84960000	84970000
4	86490000	86500000	4	86890000	86900000
4	86490000	86500000	4	87830000	87840000
4	86930000	86940000	4	87010000	87020000
4	87850000	87860000	4	87970000	87980000
4	89440000	89450000	4	89890000	89900000
4	109700000	109710000	4	110510000	110520000
4	109840000	109850000	4	110510000	110520000
4	112630000	112640000	4	112760000	112770000
4	113540000	113550000	4	113760000	113770000
4	116350000	116360000	4	118030000	118040000
4	117440000	117450000	4	118030000	118040000
4	118770000	118780000	4	118880000	118890000
4	118980000	118990000	4	119620000	119630000
1	70350000	70360000	1	71060000	71070000
4	120060000	120070000	4	121810000	121820000
1	70520000	70530000	1	71040000	71050000
4	121690000	121700000	4	121800000	121810000
4	121810000	121820000	4	122920000	122930000
4	121890000	121900000	4	122920000	122930000
4	123390000	123400000	4	123650000	123660000
4	125310000	125320000	4	126400000	126410000
4	125310000	125320000	4	126600000	126610000
4	163160000	163170000	4	165090000	165100000
4	163470000	163480000	4	164010000	164020000
4	163500000	163510000	4	165320000	165330000
4	165120000	165130000	4	165320000	165330000
4	169610000	169620000	4	170040000	170050000
4	176190000	176200000	4	176310000	176320000
1	111200000	111210000	1	111760000	111770000
4	176310000	176320000	4	177320000	177330000
4	176310000	176320000	4	177440000	177450000
4	177310000	177320000	4	177440000	177450000
1	111470000	111480000	1	111750000	111760000
1	112380000	112390000	1	112700000	112710000
4	184260000	184270000	4	184640000	184650000
4	184260000	184270000	4	184730000	184740000
4	186060000	186070000	4	186580000	186590000
1	112710000	112720000	1	113070000	113080000
4	148440000	148450000	4	149020000	149030000
4	151110000	151120000	4	152770000	152780000
4	151270000	151280000	4	152380000	152390000
4	151760000	151770000	4	152370000	152380000
4	153340000	153350000	4	153570000	153580000
4	153340000	153350000	4	153740000	153750000
4	154550000	154560000	4	155360000	155370000
4	154550000	154560000	4	155780000	155790000
4	154550000	154560000	4	155940000	155950000
1	113970000	113980000	1	114420000	114430000
4	155660000	155670000	4	155760000	155770000
4	157990000	158000000	4	158170000	158180000
4	158720000	158730000	4	159190000	159200000
4	158720000	158730000	4	159440000	159450000
4	161560000	161570000	4	162160000	162170000
4	162500000	162510000	4	163470000	163480000
5	32710000	32720000	5	33380000	33390000
5	33430000	33440000	5	33930000	33940000
5	33440000	33450000	5	34920000	34930000
5	34000000	34010000	5	34910000	34920000
5	34480000	34490000	5	35610000	35620000
5	34480000	34490000	5	35930000	35940000
5	35080000	35090000	5	35930000	35940000
5	35190000	35200000	5	35930000	35940000
5	36060000	36070000	5	36400000	36410000
5	36060000	36070000	5	36690000	36700000
5	36240000	36250000	5	36690000	36700000
5	38440000	38450000	5	39210000	39220000
5	40370000	40380000	5	40670000	40680000
5	40500000	40510000	5	40670000	40680000
5	40750000	40760000	5	40870000	40880000
5	41920000	41930000	5	42890000	42900000
5	54510000	54520000	5	54850000	54860000
5	54510000	54520000	5	55150000	55160000
5	55170000	55180000	5	55690000	55700000
5	2740000	2750000	5	3590000	3600000
1	118150000	118160000	1	119360000	119370000
5	5140000	5150000	5	6740000	6750000
5	6370000	6380000	5	6730000	6740000
5	6760000	6770000	5	7850000	7860000
5	10460000	10470000	5	10560000	10570000
5	16930000	16940000	5	17180000	17190000
5	17210000	17220000	5	18110000	18120000
5	17210000	17220000	5	18300000	18310000
5	56900000	56910000	5	57210000	57220000
1	93440000	93450000	1	93840000	93850000
5	60680000	60690000	5	60940000	60950000
5	61160000	61170000	5	61330000	61340000
5	61160000	61170000	5	61650000	61660000
5	61330000	61340000	5	61640000	61650000
5	62440000	62450000	5	63960000	63970000
5	64810000	64820000	5	65480000	65490000
5	64960000	64970000	5	65480000	65490000
5	65090000	65100000	5	65480000	65490000
5	65740000	65750000	5	67190000	67200000
1	94050000	94060000	1	94230000	94240000
5	72830000	72840000	5	73560000	73570000
5	93580000	93590000	5	93800000	93810000
5	93580000	93590000	5	93900000	93910000
5	93580000	93590000	5	94690000	94700000
1	95080000	95090000	1	95230000	95240000
5	97180000	97190000	5	99040000	99050000
1	96720000	96730000	1	96800000	96810000
5	109400000	109410000	5	109680000	109690000
5	112990000	113000000	5	113510000	113520000
5	115620000	115630000	5	116560000	116570000
5	115840000	115850000	5	116060000	116070000
5	116570000	116580000	5	116940000	116950000
5	124740000	124750000	5	124900000	124910000
5	126340000	126350000	5	126600000	126610000
5	74680000	74690000	5	74760000	74770000
5	74760000	74770000	5	76250000	76260000
5	75050000	75060000	5	76250000	76260000
1	99810000	99820000	1	100030000	100040000
5	87260000	87270000	5	87390000	87400000
5	87260000	87270000	5	88680000	88690000
5	87410000	87420000	5	88680000	88690000
5	131170000	131180000	5	131260000	131270000
5	132070000	132080000	5	132370000	132380000
5	132070000	132080000	5	132810000	132820000
5	135460000	135470000	5	135830000	135840000
5	137320000	137330000	5	138130000	138140000
5	137630000	137640000	5	138130000	138140000
1	106020000	106030000	1	107140000	107150000
5	137770000	137780000	5	138130000	138140000
5	138190000	138200000	5	138350000	138360000
5	139790000	139800000	5	139960000	139970000
5	140230000	140240000	5	140640000	140650000
5	140370000	140380000	5	140640000	140650000
5	141210000	141220000	5	141550000	141560000
5	141330000	141340000	5	141550000	141560000
5	141410000	141420000	5	141550000	141560000
5	141680000	141690000	5	141960000	141970000
5	141680000	141690000	5	142130000	142140000
1	107050000	107060000	1	107740000	107750000
1	107140000	107150000	1	107740000	107750000
5	143010000	143020000	5	144170000	144180000
5	143390000	143400000	5	143810000	143820000
5	168260000	168270000	5	169300000	169310000
5	168490000	168500000	5	168570000	168580000
5	168670000	168680000	5	169300000	169310000
1	107780000	107790000	1	107960000	107970000
5	168980000	168990000	5	169300000	169310000
5	170100000	170110000	5	170420000	170430000
5	171410000	171420000	5	172040000	172050000
5	171400000	171410000	5	172180000	172190000
5	171410000	171420000	5	171900000	171910000
5	171410000	171420000	5	172290000	172300000
5	172100000	172110000	5	172180000	172190000
5	172100000	172110000	5	172280000	172290000
5	173610000	173620000	5	173970000	173980000
5	173610000	173620000	5	174310000	174320000
5	173610000	173620000	5	174930000	174940000
1	109540000	109550000	1	109630000	109640000
5	174040000	174050000	5	174930000	174940000
5	175530000	175540000	5	175870000	175880000
5	178220000	178230000	5	179690000	179700000
5	178230000	178240000	5	179580000	179590000
5	178620000	178630000	5	179680000	179690000
5	179790000	179800000	5	179900000	179910000
5	179790000	179800000	5	180080000	180090000
5	149370000	149380000	5	149560000	149570000
5	150130000	150140000	5	150350000	150360000
5	150450000	150460000	5	150700000	150710000
5	150560000	150570000	5	150660000	150670000
5	150560000	150570000	5	150840000	150850000
5	151440000	151450000	5	151640000	151650000
5	153490000	153500000	5	153960000	153970000
5	154470000	154480000	5	154610000	154620000
5	157150000	157160000	5	157730000	157740000
5	157330000	157340000	5	157730000	157740000
5	157340000	157350000	5	159130000	159140000
5	159440000	159450000	5	159910000	159920000
5	161540000	161550000	5	163340000	163350000
5	161540000	161550000	5	163400000	163410000
1	29230000	29240000	1	30780000	30790000
6	70300000	70310000	6	71010000	71020000
6	70300000	70310000	6	72080000	72090000
6	20210000	20220000	6	20520000	20530000
6	20400000	20410000	6	20520000	20530000
6	26030000	26040000	6	27880000	27890000
6	26030000	26040000	6	27140000	27150000
6	26030000	26040000	6	27820000	27830000
6	26160000	26170000	6	27140000	27150000
6	26310000	26320000	6	27140000	27150000
6	26590000	26600000	6	27780000	27790000
6	27140000	27150000	6	27880000	27890000
6	30740000	30750000	6	31080000	31090000
6	33280000	33290000	6	33400000	33410000
6	33580000	33590000	6	34140000	34150000
1	29230000	29240000	1	30920000	30930000
6	35290000	35300000	6	35450000	35460000
6	35290000	35300000	6	35740000	35750000
6	35590000	35600000	6	35730000	35740000
6	36020000	36030000	6	36360000	36370000
6	36610000	36620000	6	37000000	37010000
6	36760000	36770000	6	37000000	37010000
6	37480000	37490000	6	37690000	37700000
6	390000	400000	6	1410000	1420000
6	1590000	1600000	6	2750000	2760000
6	1600000	1610000	6	2100000	2110000
6	1600000	1610000	6	2190000	2200000
6	1600000	1610000	6	2350000	2360000
6	2750000	2760000	6	4010000	4020000
6	2780000	2790000	6	2970000	2980000
6	2840000	2850000	6	2920000	2930000
6	3130000	3140000	6	3250000	3260000
1	84140000	84150000	1	84420000	84430000
6	7270000	7280000	6	8060000	8070000
1	84140000	84150000	1	84610000	84620000
6	7720000	7730000	6	7990000	8000000
1	84140000	84150000	1	84930000	84940000
6	12290000	12300000	6	12600000	12610000
6	12910000	12920000	6	13320000	13330000
6	15690000	15700000	6	16120000	16130000
6	16510000	16520000	6	16760000	16770000
1	84940000	84950000	1	85250000	85260000
6	17280000	17290000	6	17570000	17580000
1	85270000	85280000	1	86900000	86910000
6	39350000	39360000	6	40580000	40590000
6	39350000	39360000	6	41040000	41050000
6	41780000	41790000	6	42050000	42060000
6	41780000	41790000	6	42210000	42220000
6	42660000	42670000	6	42870000	42880000
6	44100000	44110000	6	44240000	44250000
6	45940000	45950000	6	47040000	47050000
6	46070000	46080000	6	47040000	47050000
6	46420000	46430000	6	47040000	47050000
6	50810000	50820000	6	51950000	51960000
6	50810000	50820000	6	52020000	52030000
6	50810000	50820000	6	52250000	52260000
6	52280000	52290000	6	52390000	52400000
6	52280000	52290000	6	52660000	52670000
6	52280000	52290000	6	53060000	53070000
6	52410000	52420000	6	53060000	53070000
6	52580000	52590000	6	53060000	53070000
6	52660000	52670000	6	53060000	53070000
6	73850000	73860000	6	75200000	75210000
6	73970000	73980000	6	75200000	75210000
6	74090000	74100000	6	75200000	75210000
6	74410000	74420000	6	75200000	75210000
6	74750000	74760000	6	75200000	75210000
6	79050000	79060000	6	79230000	79240000
6	80330000	80340000	6	81750000	81760000
6	82240000	82250000	6	83850000	83860000
6	82250000	82260000	6	84220000	84230000
6	82260000	82270000	6	83510000	83520000
6	83070000	83080000	6	83510000	83520000
6	83070000	83080000	6	84220000	84230000
6	83210000	83220000	6	84220000	84230000
6	83220000	83230000	6	83510000	83520000
6	83410000	83420000	6	83510000	83520000
6	83870000	83880000	6	84220000	84230000
6	84220000	84230000	6	85320000	85330000
6	87150000	87160000	6	87230000	87240000
6	88980000	88990000	6	89080000	89090000
6	89430000	89440000	6	89600000	89610000
6	89430000	89440000	6	90480000	90490000
6	90290000	90300000	6	90380000	90390000
6	92620000	92630000	6	93410000	93420000
6	92680000	92690000	6	93410000	93420000
6	92800000	92810000	6	93410000	93420000
6	93030000	93040000	6	93410000	93420000
6	96620000	96630000	6	96890000	96900000
1	30720000	30730000	1	30920000	30930000
6	99600000	99610000	6	100460000	100470000
6	106690000	106700000	6	106970000	106980000
6	108540000	108550000	6	109380000	109390000
6	109190000	109200000	6	109380000	109390000
6	110680000	110690000	6	110950000	110960000
6	111250000	111260000	6	111640000	111650000
1	88990000	89000000	1	89600000	89610000
6	111250000	111260000	6	112040000	112050000
6	116280000	116290000	6	116540000	116550000
6	117340000	117350000	6	117600000	117610000
1	88990000	89000000	1	89360000	89370000
1	88990000	89000000	1	89450000	89460000
6	119340000	119350000	6	119970000	119980000
1	89080000	89090000	1	89360000	89370000
6	122380000	122390000	6	122470000	122480000
1	89630000	89640000	1	89750000	89760000
6	123800000	123810000	6	124850000	124860000
6	123800000	123810000	6	125110000	125120000
6	125300000	125310000	6	127110000	127120000
6	125300000	125310000	6	125830000	125840000
6	125300000	125310000	6	125970000	125980000
6	125770000	125780000	6	127110000	127120000
6	131920000	131930000	6	132790000	132800000
6	131950000	131960000	6	132140000	132150000
6	132530000	132540000	6	133540000	133550000
6	132530000	132540000	6	133910000	133920000
6	135010000	135020000	6	135180000	135190000
6	136640000	136650000	6	136790000	136800000
6	137710000	137720000	6	137860000	137870000
6	139370000	139380000	6	140440000	140450000
6	145730000	145740000	6	145810000	145820000
6	169960000	169970000	6	170290000	170300000
6	148740000	148750000	6	148940000	148950000
6	149560000	149570000	6	151380000	151390000
6	150420000	150430000	6	150590000	150600000
6	151440000	151450000	6	152980000	152990000
6	156560000	156570000	6	156770000	156780000
1	150250000	150260000	1	150990000	151000000
6	156690000	156700000	6	156770000	156780000
6	157320000	157330000	6	157600000	157610000
6	157320000	157330000	6	157660000	157670000
6	157320000	157330000	6	157940000	157950000
1	151440000	151450000	1	151830000	151840000
6	159160000	159170000	6	159650000	159660000
7	64660000	64670000	7	64790000	64800000
1	152650000	152660000	1	153210000	153220000
7	19110000	19120000	7	20780000	20790000
1	152870000	152880000	1	153210000	153220000
7	20780000	20790000	7	22080000	22090000
7	21270000	21280000	7	21420000	21430000
1	153350000	153360000	1	153490000	153500000
7	23270000	23280000	7	23530000	23540000
1	153510000	153520000	1	153980000	153990000
7	25860000	25870000	7	27160000	27170000
7	26080000	26090000	7	27160000	27170000
7	26190000	26200000	7	27160000	27170000
7	26370000	26380000	7	27160000	27170000
7	26670000	26680000	7	27160000	27170000
1	153670000	153680000	1	153760000	153770000
7	26850000	26860000	7	27160000	27170000
7	27200000	27210000	7	27570000	27580000
7	27660000	27670000	7	27740000	27750000
1	153670000	153680000	1	153970000	153980000
7	29190000	29200000	7	29330000	29340000
1	153800000	153810000	1	153970000	153980000
1	154560000	154570000	1	155050000	155060000
7	1570000	1580000	7	2350000	2360000
7	2230000	2240000	7	2340000	2350000
7	3300000	3310000	7	3890000	3900000
1	156380000	156390000	1	156610000	156620000
1	156470000	156480000	1	156590000	156600000
7	11830000	11840000	7	12490000	12500000
7	18360000	18370000	7	19110000	19120000
7	37910000	37920000	7	38100000	38110000
1	157970000	157980000	1	159070000	159080000
7	40230000	40240000	7	41700000	41710000
7	40330000	40340000	7	41700000	41710000
1	157960000	157970000	1	159200000	159210000
7	41940000	41950000	7	43720000	43730000
7	42930000	42940000	7	43580000	43590000
7	42930000	42940000	7	43720000	43730000
7	43580000	43590000	7	43700000	43710000
7	43910000	43920000	7	45110000	45120000
7	44060000	44070000	7	45110000	45120000
7	44580000	44590000	7	44840000	44850000
7	44580000	44590000	7	44920000	44930000
7	44580000	44590000	7	45130000	45140000
1	157970000	157980000	1	159000000	159010000
7	44970000	44980000	7	45120000	45130000
7	45150000	45160000	7	45260000	45270000
1	158180000	158190000	1	159070000	159080000
7	47940000	47950000	7	49850000	49860000
7	50090000	50100000	7	51060000	51070000
7	50090000	50100000	7	51150000	51160000
7	50210000	50220000	7	50300000	50310000
1	158500000	158510000	1	159070000	159080000
7	50700000	50710000	7	50780000	50790000
7	91830000	91840000	7	92440000	92450000
7	92620000	92630000	7	92830000	92840000
7	93890000	93900000	7	94420000	94430000
7	93900000	93910000	7	94080000	94090000
7	96070000	96080000	7	97020000	97030000
7	96220000	96230000	7	97020000	97030000
7	96410000	96420000	7	97020000	97030000
7	97110000	97120000	7	98170000	98180000
7	99770000	99780000	7	100960000	100970000
7	100090000	100100000	7	100870000	100880000
7	100460000	100470000	7	100850000	100860000
7	100580000	100590000	7	102430000	102440000
7	100700000	100710000	7	100840000	100850000
7	100870000	100880000	7	102430000	102440000
7	100890000	100900000	7	101060000	101070000
1	160830000	160840000	1	160950000	160960000
1	161200000	161210000	1	161370000	161380000
7	107740000	107750000	7	107870000	107880000
1	161200000	161210000	1	161740000	161750000
1	161400000	161410000	1	161740000	161750000
7	85040000	85050000	7	85180000	85190000
7	85180000	85190000	7	85460000	85470000
7	85180000	85190000	7	85550000	85560000
7	128340000	128350000	7	130050000	130060000
7	132390000	132400000	7	132570000	132580000
7	134430000	134440000	7	134520000	134530000
7	134520000	134530000	7	134950000	134960000
7	134630000	134640000	7	135170000	135180000
7	134980000	134990000	7	135160000	135170000
7	135510000	135520000	7	135640000	135650000
7	137900000	137910000	7	138000000	138010000
7	139770000	139780000	7	139990000	140000000
7	140170000	140180000	7	140310000	140320000
1	162860000	162870000	1	163170000	163180000
1	181190000	181200000	1	182060000	182070000
7	111090000	111100000	7	111720000	111730000
1	181190000	181200000	1	182390000	182400000
7	112080000	112090000	7	112200000	112210000
7	112200000	112210000	7	112450000	112460000
7	116260000	116270000	7	116520000	116530000
1	181480000	181490000	1	182060000	182070000
7	116860000	116870000	7	118180000	118190000
7	116950000	116960000	7	118180000	118190000
7	117120000	117130000	7	118180000	118190000
1	182080000	182090000	1	182390000	182400000
7	120980000	120990000	7	121340000	121350000
7	120980000	120990000	7	121080000	121090000
7	120980000	120990000	7	121540000	121550000
7	120980000	120990000	7	121990000	122000000
1	182080000	182090000	1	182780000	182790000
1	182140000	182150000	1	182390000	182400000
7	150340000	150350000	7	150750000	150760000
1	182440000	182450000	1	182780000	182790000
1	182450000	182460000	1	182580000	182590000
7	155810000	155820000	7	156750000	156760000
1	182600000	182610000	1	182780000	182790000
8	4230000	4240000	8	4990000	5000000
8	6420000	6430000	8	6700000	6710000
1	183650000	183660000	1	183910000	183920000
8	6430000	6440000	8	6560000	6570000
8	7050000	7060000	8	8530000	8540000
1	183650000	183660000	1	184040000	184050000
8	9150000	9160000	8	9820000	9830000
8	10050000	10060000	8	10830000	10840000
1	183650000	183660000	1	184690000	184700000
8	16190000	16200000	8	16750000	16760000
8	19380000	19390000	8	19750000	19760000
8	20430000	20440000	8	21780000	21790000
8	21920000	21930000	8	22140000	22150000
8	23080000	23090000	8	23410000	23420000
8	27320000	27330000	8	27420000	27430000
8	28380000	28390000	8	30080000	30090000
8	30070000	30080000	8	30150000	30160000
8	30910000	30920000	8	31100000	31110000
8	30910000	30920000	8	31180000	31190000
8	36850000	36860000	8	37840000	37850000
8	37220000	37230000	8	37690000	37700000
8	37540000	37550000	8	37690000	37700000
8	36860000	36870000	8	38230000	38240000
8	37760000	37770000	8	38750000	38760000
8	40020000	40030000	8	41520000	41530000
1	185310000	185320000	1	185570000	185580000
8	41700000	41710000	8	42150000	42160000
8	41990000	42000000	8	42150000	42160000
8	42050000	42060000	8	42140000	42150000
8	42690000	42700000	8	42800000	42810000
8	42690000	42700000	8	43070000	43080000
8	42690000	42700000	8	43690000	43700000
8	43090000	43100000	8	43690000	43700000
8	43090000	43100000	8	43870000	43880000
8	48170000	48180000	8	48920000	48930000
8	48310000	48320000	8	48920000	48930000
8	51840000	51850000	8	52400000	52410000
8	52110000	52120000	8	52400000	52410000
8	53840000	53850000	8	54150000	54160000
8	54020000	54030000	8	54150000	54160000
8	54160000	54170000	8	55770000	55780000
8	54160000	54170000	8	56070000	56080000
8	56440000	56450000	8	56780000	56790000
8	56440000	56450000	8	56920000	56930000
8	63030000	63040000	8	63160000	63170000
1	192800000	192810000	1	193020000	193030000
8	65760000	65770000	8	66420000	66430000
8	65830000	65840000	8	66420000	66430000
8	65840000	65850000	8	65940000	65950000
8	66050000	66060000	8	66420000	66430000
8	66060000	66070000	8	66170000	66180000
8	66440000	66450000	8	67060000	67070000
1	192800000	192810000	1	193110000	193120000
8	66680000	66690000	8	67060000	67070000
8	69660000	69670000	8	70660000	70670000
8	69940000	69950000	8	70660000	70670000
8	70140000	70150000	8	70660000	70670000
8	70140000	70150000	8	70600000	70610000
8	73870000	73880000	8	73960000	73970000
8	93700000	93710000	8	94560000	94570000
8	93710000	93720000	8	94710000	94720000
1	196330000	196340000	1	196650000	196660000
8	94810000	94820000	8	96160000	96170000
8	94940000	94950000	8	95020000	95030000
8	95130000	95140000	8	95240000	95250000
8	95300000	95310000	8	96160000	96170000
8	95890000	95900000	8	96160000	96170000
8	96230000	96240000	8	97550000	97560000
8	96250000	96260000	8	97640000	97650000
8	96320000	96330000	8	98040000	98050000
8	98940000	98950000	8	99350000	99360000
8	98940000	98950000	8	99860000	99870000
8	98940000	98950000	8	100120000	100130000
8	100140000	100150000	8	100540000	100550000
8	100150000	100160000	8	100690000	100700000
8	100140000	100150000	8	100820000	100830000
8	100710000	100720000	8	102650000	102660000
8	127730000	127740000	8	128190000	128200000
8	127730000	127740000	8	129560000	129570000
8	127730000	127740000	8	129680000	129690000
8	102650000	102660000	8	102800000	102810000
8	103080000	103090000	8	103370000	103380000
8	132190000	132200000	8	133190000	133200000
1	34780000	34790000	1	35300000	35310000
8	132860000	132870000	8	133450000	133460000
8	132870000	132880000	8	133190000	133200000
8	133290000	133300000	8	133440000	133450000
8	133570000	133580000	8	133880000	133890000
8	108240000	108250000	8	109320000	109330000
8	134700000	134710000	8	135450000	135460000
8	108240000	108250000	8	108450000	108460000
8	108240000	108250000	8	109540000	109550000
8	108440000	108450000	8	109540000	109550000
8	139700000	139710000	8	140090000	140100000
8	141500000	141510000	8	142460000	142470000
8	142780000	142790000	8	143040000	143050000
1	35450000	35460000	1	35550000	35560000
8	79760000	79770000	8	80020000	80030000
8	80080000	80090000	8	80220000	80230000
1	200620000	200630000	1	200800000	200810000
8	85220000	85230000	8	86340000	86350000
8	85290000	85300000	8	86090000	86100000
1	200970000	200980000	1	201110000	201120000
8	88320000	88330000	8	89680000	89690000
8	88320000	88330000	8	89610000	89620000
8	89720000	89730000	8	89980000	89990000
8	89720000	89730000	8	91070000	91080000
8	89840000	89850000	8	89980000	89990000
8	89990000	90000000	8	90640000	90650000
8	90000000	90010000	8	90560000	90570000
8	90000000	90010000	8	90940000	90950000
8	90000000	90010000	8	91060000	91070000
8	90980000	90990000	8	91070000	91080000
8	112790000	112800000	8	113430000	113440000
8	117330000	117340000	8	119060000	119070000
8	117390000	117400000	8	118110000	118120000
8	117470000	117480000	8	118110000	118120000
8	117860000	117870000	8	118110000	118120000
1	202190000	202200000	1	202310000	202320000
8	121640000	121650000	8	121830000	121840000
8	121640000	121650000	8	122570000	122580000
8	121640000	121650000	8	122630000	122640000
1	202180000	202190000	1	202710000	202720000
8	122780000	122790000	8	124460000	124470000
8	123040000	123050000	8	124450000	124460000
8	123260000	123270000	8	124440000	124450000
1	202340000	202350000	1	202710000	202720000
8	124560000	124570000	8	125430000	125440000
8	125120000	125130000	8	125430000	125440000
9	37480000	37490000	9	38420000	38430000
9	37910000	37920000	9	38420000	38430000
9	68580000	68590000	9	69010000	69020000
9	68780000	68790000	9	69000000	69010000
9	69670000	69680000	9	70600000	70610000
9	70250000	70260000	9	70600000	70610000
1	203300000	203310000	1	204510000	204520000
9	4670000	4680000	9	6010000	6020000
9	4750000	4760000	9	5430000	5440000
9	4760000	4770000	9	4980000	4990000
9	4980000	4990000	9	5430000	5440000
9	5180000	5190000	9	5430000	5440000
9	5180000	5190000	9	5590000	5600000
1	35570000	35580000	1	35710000	35720000
1	203350000	203360000	1	204120000	204130000
1	203860000	203870000	1	204370000	204380000
9	20620000	20630000	9	20940000	20950000
9	20620000	20630000	9	21110000	21120000
1	203860000	203870000	1	204130000	204140000
9	21160000	21170000	9	22030000	22040000
1	204160000	204170000	1	204360000	204370000
9	34690000	34700000	9	35470000	35480000
9	34890000	34900000	9	35470000	35480000
9	34890000	34900000	9	35560000	35570000
9	34900000	34910000	9	35090000	35100000
9	92290000	92300000	9	92640000	92650000
9	96320000	96330000	9	96650000	96660000
9	97920000	97930000	9	98260000	98270000
9	97920000	97930000	9	98030000	98040000
9	97920000	97930000	9	98780000	98790000
9	101390000	101400000	9	101530000	101540000
9	105830000	105840000	9	106860000	106870000
9	107480000	107490000	9	108940000	108950000
9	77440000	77450000	9	78030000	78040000
9	79570000	79580000	9	79940000	79950000
1	206610000	206620000	1	206980000	206990000
9	80600000	80610000	9	81680000	81690000
9	81100000	81110000	9	81680000	81690000
1	207080000	207090000	1	207400000	207410000
9	88720000	88730000	9	88990000	89000000
9	89600000	89610000	9	89920000	89930000
9	90910000	90920000	9	91950000	91960000
9	91090000	91100000	9	91420000	91430000
9	91770000	91780000	9	91950000	91960000
9	129130000	129140000	9	129610000	129620000
1	208020000	208030000	1	208240000	208250000
9	129640000	129650000	9	129780000	129790000
9	131360000	131370000	9	131740000	131750000
9	131510000	131520000	9	131740000	131750000
9	132410000	132420000	9	132570000	132580000
9	132410000	132420000	9	132790000	132800000
9	132410000	132420000	9	132970000	132980000
9	133530000	133540000	9	133710000	133720000
9	133530000	133540000	9	133990000	134000000
9	133780000	133790000	9	133990000	134000000
9	135960000	135970000	9	136120000	136130000
9	136780000	136790000	9	137050000	137060000
1	209570000	209580000	1	209750000	209760000
9	112090000	112100000	9	112890000	112900000
9	113270000	113280000	9	114370000	114380000
9	113300000	113310000	9	113400000	113410000
9	114090000	114100000	9	114290000	114300000
1	209580000	209590000	1	209690000	209700000
9	114410000	114420000	9	114650000	114660000
9	117640000	117650000	9	119360000	119370000
9	122110000	122120000	9	122800000	122810000
9	122370000	122380000	9	123370000	123380000
9	122460000	122470000	9	122800000	122810000
9	123080000	123090000	9	123350000	123360000
9	124770000	124780000	9	124850000	124860000
9	124770000	124780000	9	125370000	125380000
9	125240000	125250000	9	125360000	125370000
1	210140000	210150000	1	211130000	211140000
9	126610000	126620000	9	126780000	126790000
9	126930000	126940000	9	127710000	127720000
1	210410000	210420000	1	211130000	211140000
9	127500000	127510000	9	127910000	127920000
9	127590000	127600000	9	127910000	127920000
10	43410000	43420000	10	44970000	44980000
10	43680000	43690000	10	44380000	44390000
10	46290000	46300000	10	47380000	47390000
10	47020000	47030000	10	47320000	47330000
10	50990000	51000000	10	52310000	52320000
1	210580000	210590000	1	211130000	211140000
10	50990000	51000000	10	52770000	52780000
10	52310000	52320000	10	52480000	52490000
10	52300000	52310000	10	52770000	52780000
10	52640000	52650000	10	52770000	52780000
1	211320000	211330000	1	211480000	211490000
10	3780000	3790000	10	4130000	4140000
1	211320000	211330000	1	211650000	211660000
10	6910000	6920000	10	7410000	7420000
1	211680000	211690000	1	212030000	212040000
10	14500000	14510000	10	14830000	14840000
10	17610000	17620000	10	17730000	17740000
10	19810000	19820000	10	20850000	20860000
10	21500000	21510000	10	22710000	22720000
10	22000000	22010000	10	22230000	22240000
10	22000000	22010000	10	22320000	22330000
10	22230000	22240000	10	22320000	22330000
10	24640000	24650000	10	24950000	24960000
10	24720000	24730000	10	25700000	25710000
10	27240000	27250000	10	28530000	28540000
10	33330000	33340000	10	34630000	34640000
10	35120000	35130000	10	35210000	35220000
10	35640000	35650000	10	35910000	35920000
10	59630000	59640000	10	59900000	59910000
10	61900000	61910000	10	62020000	62030000
10	62260000	62270000	10	63150000	63160000
10	69410000	69420000	10	69630000	69640000
10	69520000	69530000	10	69630000	69640000
10	70440000	70450000	10	71260000	71270000
10	70450000	70460000	10	70880000	70890000
10	70550000	70560000	10	70880000	70890000
10	71310000	71320000	10	71580000	71590000
10	71310000	71320000	10	71700000	71710000
10	71310000	71320000	10	71800000	71810000
10	71310000	71320000	10	71890000	71900000
10	71390000	71400000	10	71570000	71580000
10	92080000	92090000	10	92290000	92300000
10	92890000	92900000	10	93490000	93500000
10	93370000	93380000	10	93480000	93490000
10	96230000	96240000	10	96300000	96310000
10	96630000	96640000	10	96830000	96840000
10	97680000	97690000	10	98040000	98050000
10	97780000	97790000	10	98030000	98040000
10	100330000	100340000	10	100870000	100880000
10	100340000	100350000	10	100500000	100510000
10	101210000	101220000	10	101770000	101780000
10	101600000	101610000	10	101780000	101790000
10	101840000	101850000	10	102050000	102060000
10	102390000	102400000	10	102470000	102480000
10	102830000	102840000	10	103070000	103080000
10	102830000	102840000	10	103240000	103250000
10	102830000	102840000	10	103330000	103340000
10	102910000	102920000	10	103060000	103070000
10	102910000	102920000	10	103240000	103250000
10	102910000	102920000	10	103330000	103340000
1	37590000	37600000	1	37680000	37690000
10	103890000	103900000	10	104120000	104130000
10	73760000	73770000	10	75210000	75220000
10	74240000	74250000	10	75230000	75240000
10	74250000	74260000	10	75090000	75100000
10	77500000	77510000	10	77630000	77640000
10	78030000	78040000	10	79460000	79470000
10	78030000	78040000	10	79310000	79320000
10	78040000	78050000	10	79060000	79070000
10	79060000	79070000	10	79190000	79200000
10	87650000	87660000	10	87770000	87780000
10	87650000	87660000	10	88550000	88560000
10	87650000	87660000	10	88920000	88930000
10	87860000	87870000	10	88110000	88120000
10	89250000	89260000	10	89560000	89570000
10	89250000	89260000	10	89700000	89710000
10	89250000	89260000	10	90860000	90870000
10	89960000	89970000	10	90850000	90860000
10	110300000	110310000	10	110590000	110600000
10	110300000	110310000	10	110890000	110900000
1	37690000	37700000	1	37860000	37870000
10	118560000	118570000	10	119020000	119030000
10	119190000	119200000	10	119540000	119550000
10	119200000	119210000	10	119420000	119430000
10	123130000	123140000	10	123560000	123570000
10	123130000	123140000	10	123970000	123980000
10	123140000	123150000	10	124440000	124450000
10	124530000	124540000	10	124740000	124750000
10	125150000	125160000	10	125710000	125720000
10	127900000	127910000	10	128000000	128010000
10	127890000	127900000	10	128140000	128150000
10	128270000	128280000	10	130110000	130120000
10	128270000	128280000	10	129960000	129970000
10	129030000	129040000	10	129960000	129970000
11	41450000	41460000	11	43280000	43290000
11	20380000	20390000	11	20610000	20620000
11	22330000	22340000	11	22720000	22730000
11	22330000	22340000	11	22780000	22790000
11	22620000	22630000	11	22820000	22830000
1	167720000	167730000	1	168070000	168080000
11	27360000	27370000	11	27480000	27490000
11	27700000	27710000	11	28520000	28530000
1	168430000	168440000	1	168570000	168580000
11	32320000	32330000	11	32790000	32800000
11	33160000	33170000	11	33330000	33340000
11	33160000	33170000	11	33740000	33750000
11	34170000	34180000	11	34350000	34360000
11	34510000	34520000	11	35390000	35400000
11	34910000	34920000	11	36500000	36510000
11	35610000	35620000	11	36130000	36140000
11	35610000	35620000	11	36260000	36270000
11	35610000	35620000	11	36490000	36500000
11	35610000	35620000	11	36750000	36760000
11	36280000	36290000	11	36490000	36500000
11	36290000	36300000	11	36610000	36620000
11	1840000	1850000	11	2140000	2150000
11	2030000	2040000	11	2140000	2150000
11	3840000	3850000	11	4060000	4070000
1	169920000	169930000	1	170930000	170940000
1	169930000	169940000	1	171180000	171190000
1	169930000	169940000	1	171310000	171320000
11	14520000	14530000	11	14890000	14900000
11	17220000	17230000	11	17380000	17390000
11	17380000	17390000	11	17500000	17510000
11	17730000	17740000	11	17970000	17980000
11	18240000	18250000	11	18740000	18750000
11	18540000	18550000	11	18720000	18730000
11	57330000	57340000	11	59130000	59140000
11	57340000	57350000	11	57530000	57540000
11	57340000	57350000	11	57640000	57650000
11	57560000	57570000	11	57640000	57650000
11	57660000	57670000	11	59140000	59150000
11	58570000	58580000	11	59140000	59150000
11	59180000	59190000	11	59420000	59430000
11	59270000	59280000	11	59420000	59430000
11	62410000	62420000	11	62550000	62560000
11	65640000	65650000	11	67280000	67290000
11	66410000	66420000	11	66670000	66680000
11	69290000	69300000	11	69640000	69650000
11	69700000	69710000	11	70190000	70200000
1	172440000	172450000	1	172710000	172720000
11	72720000	72730000	11	72810000	72820000
11	129890000	129900000	11	130880000	130890000
11	130060000	130070000	11	130890000	130900000
11	130210000	130220000	11	130420000	130430000
1	172740000	172750000	1	173200000	173210000
11	108690000	108700000	11	110420000	110430000
1	172740000	172750000	1	173820000	173830000
11	111870000	111880000	11	112270000	112280000
11	111930000	111940000	11	112280000	112290000
1	173420000	173430000	1	173820000	173830000
11	112220000	112230000	11	113780000	113790000
11	116790000	116800000	11	117100000	117110000
11	116900000	116910000	11	117090000	117100000
11	117820000	117830000	11	117940000	117950000
11	117820000	117830000	11	118050000	118060000
11	118190000	118200000	11	118350000	118360000
11	118680000	118690000	11	118950000	118960000
11	120510000	120520000	11	120930000	120940000
11	120510000	120520000	11	121120000	121130000
1	2190000	2200000	1	2380000	2390000
1	173860000	173870000	1	175000000	175010000
11	122650000	122660000	11	122750000	122760000
11	124660000	124670000	11	124760000	124770000
11	125090000	125100000	11	125880000	125890000
1	175020000	175030000	1	176200000	176210000
11	125910000	125920000	11	126260000	126270000
11	126300000	126310000	11	126470000	126480000
11	126300000	126310000	11	126990000	127000000
11	74700000	74710000	11	75240000	75250000
11	74930000	74940000	11	75240000	75250000
11	75020000	75030000	11	75240000	75250000
11	75710000	75720000	11	76310000	76320000
11	76200000	76210000	11	76680000	76690000
11	77120000	77130000	11	77540000	77550000
11	77120000	77130000	11	77620000	77630000
11	77990000	78000000	11	78580000	78590000
11	78410000	78420000	11	78560000	78570000
11	82900000	82910000	11	83250000	83260000
11	82900000	82910000	11	83170000	83180000
11	83070000	83080000	11	83160000	83170000
11	85850000	85860000	11	86290000	86300000
11	93230000	93240000	11	93780000	93790000
11	93240000	93250000	11	93540000	93550000
11	93670000	93680000	11	94490000	94500000
11	93730000	93740000	11	94490000	94500000
11	93800000	93810000	11	94490000	94500000
11	94960000	94970000	11	95780000	95790000
11	94970000	94980000	11	96420000	96430000
11	95060000	95070000	11	96410000	96420000
11	100680000	100690000	11	100840000	100850000
11	106080000	106090000	11	108000000	108010000
11	107560000	107570000	11	107680000	107690000
11	107560000	107570000	11	107890000	107900000
1	175470000	175480000	1	175740000	175750000
11	107560000	107570000	11	108650000	108660000
11	108000000	108010000	11	108650000	108660000
11	108120000	108130000	11	108650000	108660000
11	108220000	108230000	11	108290000	108300000
12	26100000	26110000	12	27010000	27020000
12	26850000	26860000	12	27690000	27700000
12	26850000	26860000	12	27010000	27020000
12	27020000	27030000	12	27300000	27310000
12	27020000	27030000	12	27700000	27710000
12	31650000	31660000	12	32670000	32680000
12	2050000	2060000	12	2280000	2290000
12	2050000	2060000	12	2580000	2590000
12	2850000	2860000	12	3030000	3040000
12	3070000	3080000	12	3270000	3280000
12	4100000	4110000	12	4270000	4280000
12	6930000	6940000	12	7100000	7110000
12	8540000	8550000	12	9040000	9050000
12	8660000	8670000	12	9040000	9050000
12	11750000	11760000	12	12710000	12720000
12	12360000	12370000	12	12710000	12720000
12	13100000	13110000	12	13190000	13200000
12	14250000	14260000	12	14360000	14370000
12	14790000	14800000	12	15880000	15890000
12	14840000	14850000	12	14990000	15000000
12	14840000	14850000	12	15520000	15530000
12	14950000	14960000	12	15880000	15890000
12	39760000	39770000	12	40100000	40110000
12	42140000	42150000	12	42320000	42330000
12	42230000	42240000	12	42320000	42330000
12	48180000	48190000	12	48610000	48620000
12	49360000	49370000	12	49510000	49520000
12	49960000	49970000	12	50060000	50070000
12	50500000	50510000	12	50630000	50640000
12	50500000	50510000	12	51350000	51360000
12	50820000	50830000	12	51340000	51350000
12	51040000	51050000	12	51340000	51350000
12	51260000	51270000	12	51340000	51350000
12	51420000	51430000	12	51810000	51820000
12	52150000	52160000	12	52320000	52330000
12	53340000	53350000	12	53420000	53430000
12	53540000	53550000	12	53670000	53680000
12	54000000	54010000	12	54200000	54210000
12	54230000	54240000	12	54360000	54370000
12	54720000	54730000	12	55630000	55640000
12	55740000	55750000	12	55930000	55940000
12	55810000	55820000	12	55930000	55940000
12	55730000	55740000	12	56020000	56030000
12	56200000	56210000	12	56460000	56470000
12	56300000	56310000	12	56460000	56470000
12	56750000	56760000	12	57060000	57070000
12	56760000	56770000	12	56990000	57000000
12	57270000	57280000	12	57450000	57460000
12	59590000	59600000	12	59800000	59810000
12	60680000	60690000	12	62190000	62200000
12	62260000	62270000	12	62360000	62370000
1	179080000	179090000	1	179360000	179370000
12	63830000	63840000	12	64390000	64400000
12	66130000	66140000	12	66690000	66700000
12	68220000	68230000	12	68310000	68320000
12	68340000	68350000	12	68680000	68690000
12	68350000	68360000	12	68610000	68620000
1	179870000	179880000	1	180020000	180030000
12	71770000	71780000	12	71930000	71940000
12	75330000	75340000	12	75500000	75510000
12	75330000	75340000	12	76030000	76040000
12	75330000	75340000	12	76580000	76590000
12	75520000	75530000	12	76030000	76040000
12	75510000	75520000	12	76780000	76790000
1	2800000	2810000	1	3410000	3420000
12	82680000	82690000	12	84390000	84400000
12	82680000	82690000	12	84490000	84500000
12	84870000	84880000	12	85030000	85040000
12	88110000	88120000	12	89520000	89530000
12	89020000	89030000	12	89520000	89530000
12	89040000	89050000	12	89350000	89360000
12	89350000	89360000	12	89450000	89460000
12	110450000	110460000	12	110590000	110600000
12	110450000	110460000	12	110880000	110890000
12	113190000	113200000	12	113420000	113430000
12	117190000	117200000	12	118040000	118050000
12	117360000	117370000	12	117830000	117840000
12	117870000	117880000	12	118370000	118380000
12	118170000	118180000	12	118370000	118380000
12	118980000	118990000	12	119410000	119420000
12	120330000	120340000	12	120440000	120450000
12	120580000	120590000	12	120970000	120980000
12	120580000	120590000	12	121100000	121110000
12	120730000	120740000	12	120970000	120980000
12	121910000	121920000	12	122030000	122040000
1	3450000	3460000	1	3720000	3730000
12	121910000	121920000	12	122120000	122130000
12	121910000	121920000	12	122190000	122200000
12	121910000	121920000	12	122350000	122360000
12	122630000	122640000	12	122750000	122760000
12	122860000	122870000	12	123230000	123240000
12	122970000	122980000	12	123230000	123240000
12	122970000	122980000	12	123610000	123620000
12	123040000	123050000	12	123230000	123240000
12	123260000	123270000	12	123600000	123610000
12	124560000	124570000	12	124750000	124760000
12	125180000	125190000	12	126870000	126880000
1	218340000	218350000	1	218520000	218530000
12	128770000	128780000	12	129900000	129910000
12	128970000	128980000	12	129900000	129910000
1	218340000	218350000	1	219180000	219190000
12	130040000	130050000	12	130330000	130340000
12	130900000	130910000	12	131710000	131720000
12	130910000	130920000	12	131820000	131830000
12	131110000	131120000	12	131820000	131830000
12	132150000	132160000	12	132610000	132620000
1	220110000	220120000	1	220780000	220790000
12	94140000	94150000	12	94430000	94440000
1	3480000	3490000	1	3620000	3630000
12	100350000	100360000	12	100730000	100740000
12	101770000	101780000	12	101830000	101840000
12	101770000	101780000	12	102480000	102490000
12	101930000	101940000	12	102480000	102490000
12	102950000	102960000	12	103540000	103550000
12	104190000	104200000	12	106130000	106140000
1	220870000	220880000	1	221430000	221440000
12	105410000	105420000	12	106350000	106360000
12	105420000	105430000	12	106130000	106140000
12	107310000	107320000	12	107390000	107400000
12	107670000	107680000	12	108510000	108520000
12	107760000	107770000	12	108510000	108520000
12	107980000	107990000	12	108510000	108520000
12	108550000	108560000	12	109090000	109100000
12	108560000	108570000	12	108950000	108960000
12	108660000	108670000	12	109090000	109100000
12	109110000	109120000	12	109380000	109390000
13	60450000	60460000	13	61410000	61420000
13	65650000	65660000	13	67230000	67240000
1	222730000	222740000	1	223090000	223100000
13	37100000	37110000	13	38520000	38530000
13	39040000	39050000	13	40770000	40780000
13	39410000	39420000	13	39600000	39610000
13	39680000	39690000	13	40770000	40780000
13	42340000	42350000	13	43870000	43880000
13	42970000	42980000	13	43870000	43880000
13	43080000	43090000	13	43870000	43880000
1	223700000	223710000	1	224330000	224340000
1	224110000	224120000	1	224330000	224340000
13	46550000	46560000	13	46710000	46720000
13	48120000	48130000	13	48230000	48240000
1	224110000	224120000	1	224450000	224460000
13	50130000	50140000	13	50900000	50910000
13	50810000	50820000	13	50900000	50910000
13	51420000	51430000	13	52150000	52160000
13	51450000	51460000	13	51580000	51590000
13	52650000	52660000	13	53150000	53160000
13	20190000	20200000	13	20480000	20490000
13	20190000	20200000	13	20700000	20710000
13	20190000	20200000	13	20830000	20840000
13	23380000	23390000	13	23880000	23890000
13	24260000	24270000	13	25280000	25290000
13	25080000	25090000	13	25370000	25380000
13	26970000	26980000	13	27980000	27990000
13	26990000	27000000	13	27270000	27280000
1	225480000	225490000	1	225770000	225780000
1	225550000	225560000	1	225770000	225780000
13	32310000	32320000	13	33540000	33550000
13	32580000	32590000	13	33540000	33550000
1	225650000	225660000	1	225760000	225770000
13	32580000	32590000	13	33720000	33730000
13	36340000	36350000	13	36980000	36990000
13	95680000	95690000	13	97430000	97440000
13	97430000	97440000	13	97970000	97980000
13	97430000	97440000	13	98570000	98580000
13	100670000	100680000	13	102600000	102610000
13	101140000	101150000	13	102840000	102850000
1	230640000	230650000	1	231600000	231610000
13	102590000	102600000	13	102780000	102790000
13	104770000	104780000	13	106530000	106540000
13	105140000	105150000	13	106530000	106540000
13	106560000	106570000	13	106680000	106690000
13	108220000	108230000	13	109780000	109790000
13	109140000	109150000	13	109780000	109790000
13	108210000	108220000	13	110120000	110130000
13	109780000	109790000	13	110110000	110120000
13	110710000	110720000	13	111180000	111190000
13	110910000	110920000	13	111210000	111220000
13	75370000	75380000	13	75540000	75550000
13	77020000	77030000	13	77720000	77730000
1	231420000	231430000	1	231530000	231540000
13	78600000	78610000	13	79390000	79400000
13	80340000	80350000	13	81010000	81020000
14	20320000	20330000	14	20680000	20690000
14	20400000	20410000	14	20600000	20610000
14	21010000	21020000	14	21100000	21110000
14	21240000	21250000	14	21380000	21390000
14	21470000	21480000	14	23300000	23310000
14	22390000	22400000	14	23050000	23060000
14	22570000	22580000	14	22980000	22990000
14	22570000	22580000	14	23050000	23060000
14	22980000	22990000	14	23050000	23060000
14	23470000	23480000	14	23560000	23570000
1	232630000	232640000	1	233170000	233180000
14	24240000	24250000	14	24420000	24430000
14	24330000	24340000	14	24430000	24440000
1	232630000	232640000	1	233230000	233240000
14	32070000	32080000	14	32240000	32250000
14	35040000	35050000	14	35410000	35420000
1	232640000	232650000	1	232950000	232960000
14	39100000	39110000	14	39360000	39370000
14	39100000	39110000	14	39430000	39440000
14	39980000	39990000	14	41600000	41610000
14	45130000	45140000	14	45250000	45260000
14	49620000	49630000	14	50110000	50120000
14	49850000	49860000	14	50530000	50540000
14	50120000	50130000	14	50530000	50540000
14	51650000	51660000	14	51970000	51980000
14	52140000	52150000	14	52260000	52270000
14	52300000	52310000	14	52700000	52710000
14	52300000	52310000	14	52950000	52960000
14	52820000	52830000	14	52950000	52960000
14	54560000	54570000	14	54780000	54790000
14	54560000	54570000	14	54710000	54720000
14	55440000	55450000	14	56340000	56350000
14	55440000	55450000	14	57300000	57310000
14	57390000	57400000	14	58390000	58400000
14	57490000	57500000	14	57970000	57980000
14	58630000	58640000	14	59440000	59450000
14	61280000	61290000	14	61830000	61840000
14	61280000	61290000	14	62120000	62130000
14	63800000	63810000	14	64290000	64300000
14	64010000	64020000	14	64290000	64300000
14	64980000	64990000	14	66070000	66080000
14	65160000	65170000	14	65410000	65420000
14	65410000	65420000	14	65820000	65830000
14	65410000	65420000	14	65950000	65960000
14	65410000	65420000	14	66060000	66070000
14	66360000	66370000	14	67700000	67710000
14	66490000	66500000	14	67700000	67710000
14	69240000	69250000	14	69570000	69580000
14	70620000	70630000	14	70800000	70810000
14	71320000	71330000	14	71740000	71750000
14	75120000	75130000	14	75480000	75490000
14	75570000	75580000	14	75650000	75660000
14	75710000	75720000	14	75980000	75990000
14	75700000	75710000	14	76370000	76380000
14	80950000	80960000	14	81190000	81200000
14	80950000	80960000	14	81460000	81470000
14	87940000	87950000	14	88380000	88390000
14	87940000	87950000	14	88560000	88570000
14	89170000	89180000	14	89410000	89420000
14	90390000	90400000	14	90690000	90700000
14	92120000	92130000	14	92800000	92810000
1	236600000	236610000	1	237560000	237570000
14	93650000	93660000	14	94170000	94180000
14	100270000	100280000	14	100370000	100380000
14	100900000	100910000	14	101630000	101640000
14	101960000	101970000	14	102310000	102320000
14	102060000	102070000	14	102310000	102320000
14	102690000	102700000	14	103080000	103090000
14	103090000	103100000	14	103290000	103300000
14	104080000	104090000	14	104560000	104570000
14	104080000	104090000	14	104630000	104640000
14	104080000	104090000	14	104710000	104720000
14	104130000	104140000	14	104560000	104570000
15	23640000	23650000	15	25500000	25510000
15	25500000	25510000	15	26860000	26870000
15	33750000	33760000	15	33960000	33970000
15	34060000	34070000	15	34220000	34230000
15	34220000	34230000	15	34970000	34980000
15	57740000	57750000	15	58060000	58070000
1	6240000	6250000	1	6410000	6420000
15	61870000	61880000	15	62060000	62070000
15	62060000	62070000	15	63090000	63100000
15	63470000	63480000	15	63590000	63600000
15	65040000	65050000	15	65290000	65300000
15	65180000	65190000	15	65290000	65300000
15	65610000	65620000	15	66280000	66290000
15	66370000	66380000	15	66490000	66500000
1	241520000	241530000	1	241840000	241850000
1	241520000	241530000	1	243250000	243260000
1	241530000	241540000	1	243310000	243320000
15	71110000	71120000	15	71430000	71440000
15	72320000	72330000	15	73070000	73080000
15	72320000	72330000	15	73260000	73270000
15	72360000	72370000	15	72470000	72480000
1	241530000	241540000	1	241620000	241630000
15	73290000	73300000	15	73630000	73640000
15	38450000	38460000	15	39760000	39770000
1	241620000	241630000	1	241840000	241850000
15	38560000	38570000	15	38670000	38680000
15	38720000	38730000	15	39580000	39590000
15	39120000	39130000	15	39580000	39590000
15	39300000	39310000	15	39580000	39590000
15	39780000	39790000	15	40270000	40280000
15	40340000	40350000	15	40420000	40430000
15	41770000	41780000	15	41900000	41910000
15	42540000	42550000	15	42650000	42660000
15	42710000	42720000	15	42920000	42930000
15	48850000	48860000	15	49420000	49430000
15	50340000	50350000	15	50900000	50910000
15	50350000	50360000	15	50430000	50440000
15	50610000	50620000	15	50900000	50910000
15	51970000	51980000	15	52140000	52150000
15	90950000	90960000	15	92070000	92080000
15	92810000	92820000	15	92900000	92910000
15	93080000	93090000	15	93980000	93990000
15	74360000	74370000	15	74760000	74770000
15	98640000	98650000	15	98850000	98860000
15	75030000	75040000	15	75200000	75210000
15	99260000	99270000	15	100870000	100880000
15	75360000	75370000	15	75650000	75660000
15	76900000	76910000	15	77020000	77030000
15	99930000	99940000	15	100870000	100880000
15	78110000	78120000	15	78230000	78240000
15	100910000	100920000	15	101000000	101010000
15	101090000	101100000	15	101250000	101260000
15	101090000	101100000	15	101650000	101660000
15	101290000	101300000	15	101640000	101650000
15	80450000	80460000	15	80770000	80780000
15	80570000	80580000	15	80770000	80780000
15	80980000	80990000	15	81260000	81270000
15	81480000	81490000	15	82040000	82050000
1	244850000	244860000	1	244960000	244970000
15	88250000	88260000	15	88440000	88450000
15	88470000	88480000	15	88620000	88630000
15	88470000	88480000	15	88890000	88900000
15	88620000	88630000	15	88830000	88840000
15	88620000	88630000	15	88890000	88900000
15	88620000	88630000	15	89170000	89180000
15	88630000	88640000	15	89320000	89330000
15	89750000	89760000	15	89870000	89880000
15	89890000	89900000	15	90070000	90080000
15	90950000	90960000	15	91260000	91270000
15	91300000	91310000	15	91850000	91860000
16	22000000	22010000	16	22170000	22180000
16	21990000	22000000	16	22290000	22300000
16	22190000	22200000	16	22290000	22300000
16	23180000	23190000	16	23430000	23440000
1	245150000	245160000	1	246450000	246460000
16	23730000	23740000	16	24250000	24260000
16	24530000	24540000	16	25110000	25120000
1	245150000	245160000	1	246000000	246010000
1	245150000	245160000	1	246110000	246120000
16	27690000	27700000	16	28060000	28070000
16	29680000	29690000	16	30020000	30030000
16	30050000	30060000	16	30620000	30630000
16	30430000	30440000	16	30610000	30620000
16	30440000	30450000	16	30530000	30540000
16	30970000	30980000	16	31440000	31450000
1	245150000	245160000	1	246750000	246760000
16	31200000	31210000	16	31860000	31870000
16	46680000	46690000	16	46810000	46820000
16	47030000	47040000	16	48150000	48160000
16	47130000	47140000	16	48150000	48160000
1	6550000	6560000	1	6630000	6640000
16	50350000	50360000	16	50740000	50750000
16	50360000	50370000	16	50650000	50660000
16	53050000	53060000	16	53140000	53150000
16	53050000	53060000	16	53210000	53220000
16	53540000	53550000	16	54930000	54940000
16	53770000	53780000	16	54930000	54940000
16	54280000	54290000	16	54930000	54940000
16	54370000	54380000	16	54930000	54940000
16	710000	720000	16	1290000	1300000
16	800000	810000	16	1100000	1110000
16	8560000	8570000	16	8880000	8890000
16	8660000	8670000	16	8880000	8890000
16	8660000	8670000	16	8790000	8800000
16	9150000	9160000	16	10180000	10190000
16	10970000	10980000	16	11250000	11260000
16	13920000	13930000	16	14280000	14290000
16	13920000	13930000	16	14530000	14540000
16	19160000	19170000	16	19370000	19380000
16	19590000	19600000	16	19880000	19890000
16	19700000	19710000	16	19880000	19890000
16	55470000	55480000	16	56700000	56710000
2	20010000	20020000	2	20090000	20100000
16	56960000	56970000	16	57040000	57050000
16	56960000	56970000	16	57160000	57170000
16	57570000	57580000	16	57730000	57740000
16	57570000	57580000	16	58000000	58010000
16	57570000	57580000	16	58120000	58130000
16	57750000	57760000	16	58000000	58010000
16	58020000	58030000	16	58120000	58130000
16	58500000	58510000	16	58750000	58760000
16	66960000	66970000	16	67170000	67180000
16	67540000	67550000	16	67640000	67650000
16	67880000	67890000	16	68220000	68230000
16	67990000	68000000	16	68220000	68230000
16	68530000	68540000	16	69120000	69130000
16	68530000	68540000	16	69290000	69300000
16	68840000	68850000	16	69110000	69120000
16	69390000	69400000	16	69750000	69760000
16	71800000	71810000	16	71880000	71890000
16	72840000	72850000	16	73040000	73050000
16	74290000	74300000	16	75650000	75660000
2	20660000	20670000	2	20960000	20970000
16	74700000	74710000	16	75120000	75130000
16	74700000	74710000	16	75390000	75400000
16	75210000	75220000	16	75390000	75400000
16	75460000	75470000	16	77180000	77190000
16	75560000	75570000	16	77190000	77200000
16	75670000	75680000	16	77170000	77180000
16	77210000	77220000	16	78090000	78100000
2	20660000	20670000	2	21110000	21120000
16	77670000	77680000	16	78090000	78100000
16	78120000	78130000	16	79600000	79610000
16	78500000	78510000	16	79600000	79610000
2	21040000	21050000	2	21310000	21320000
16	78700000	78710000	16	79600000	79610000
16	78920000	78930000	16	79600000	79610000
16	82620000	82630000	16	83210000	83220000
2	23820000	23830000	2	24070000	24080000
16	83940000	83950000	16	84180000	84190000
16	83950000	83960000	16	84060000	84070000
16	83950000	83960000	16	84490000	84500000
16	85820000	85830000	16	86510000	86520000
16	86060000	86070000	16	86510000	86520000
16	86550000	86560000	16	87380000	87390000
16	86560000	86570000	16	87280000	87290000
16	86560000	86570000	16	87630000	87640000
16	86560000	86570000	16	87760000	87770000
16	87580000	87590000	16	87760000	87770000
16	87930000	87940000	16	88430000	88440000
16	88450000	88460000	16	89180000	89190000
17	21120000	21130000	17	21270000	21280000
17	29580000	29590000	17	30090000	30100000
17	29630000	29640000	17	29930000	29940000
17	30110000	30120000	17	30270000	30280000
17	32780000	32790000	17	32990000	33000000
17	34410000	34420000	17	35120000	35130000
17	34410000	34420000	17	35530000	35540000
17	34540000	34550000	17	35110000	35120000
17	35160000	35170000	17	35530000	35540000
17	35310000	35320000	17	35530000	35540000
2	24970000	24980000	2	25200000	25210000
17	36610000	36620000	17	37370000	37380000
17	38980000	38990000	17	39160000	39170000
17	40010000	40020000	17	40280000	40290000
17	40020000	40030000	17	40170000	40180000
17	40310000	40320000	17	41680000	41690000
17	40360000	40370000	17	41670000	41680000
17	40910000	40920000	17	41310000	41320000
17	41960000	41970000	17	42110000	42120000
17	42420000	42430000	17	42510000	42520000
17	44200000	44210000	17	44340000	44350000
17	48020000	48030000	17	48610000	48620000
17	48140000	48150000	17	48610000	48620000
17	48330000	48340000	17	48590000	48600000
17	49560000	49570000	17	49990000	50000000
17	49570000	49580000	17	49690000	49700000
17	49570000	49580000	17	49770000	49780000
17	49570000	49580000	17	49840000	49850000
17	49860000	49870000	17	49990000	50000000
17	51000000	51010000	17	51150000	51160000
17	410000	420000	17	690000	700000
17	1900000	1910000	17	2020000	2030000
17	2050000	2060000	17	2240000	2250000
17	3840000	3850000	17	4070000	4080000
17	4710000	4720000	17	4880000	4890000
17	5240000	5250000	17	6430000	6440000
17	5520000	5530000	17	6430000	6440000
17	6460000	6470000	17	6640000	6650000
17	7030000	7040000	17	7570000	7580000
17	7040000	7050000	17	7170000	7180000
17	7040000	7050000	17	7300000	7310000
17	7910000	7920000	17	8050000	8060000
17	8070000	8080000	17	8750000	8760000
17	8390000	8400000	17	8990000	9000000
17	8400000	8410000	17	8740000	8750000
2	26840000	26850000	2	26930000	26940000
17	12000000	12010000	17	13010000	13020000
2	26960000	26970000	2	27280000	27290000
17	13590000	13600000	17	14300000	14310000
17	15250000	15260000	17	15990000	16000000
17	17670000	17680000	17	18030000	18040000
2	27050000	27060000	2	28890000	28900000
17	17680000	17690000	17	17850000	17860000
17	56590000	56600000	17	56710000	56720000
17	56590000	56600000	17	56780000	56790000
17	56590000	56600000	17	56930000	56940000
2	27090000	27100000	2	27280000	27290000
17	57130000	57140000	17	57740000	57750000
17	57240000	57250000	17	57740000	57750000
17	58280000	58290000	17	58450000	58460000
17	60710000	60720000	17	61390000	61400000
17	62700000	62710000	17	62960000	62970000
17	63420000	63430000	17	63600000	63610000
17	64030000	64040000	17	64130000	64140000
17	67370000	67380000	17	67690000	67700000
17	67370000	67380000	17	68460000	68470000
17	67710000	67720000	17	68460000	68470000
17	68050000	68060000	17	68450000	68460000
2	28590000	28600000	2	28750000	28760000
2	28810000	28820000	2	30130000	30140000
17	72980000	72990000	17	73160000	73170000
17	74210000	74220000	17	74530000	74540000
17	74370000	74380000	17	74460000	74470000
17	75310000	75320000	17	75400000	75410000
17	75640000	75650000	17	75740000	75750000
17	75780000	75790000	17	76730000	76740000
17	76860000	76870000	17	77060000	77070000
17	76860000	76870000	17	77240000	77250000
17	78120000	78130000	17	79810000	79820000
17	81260000	81270000	17	81520000	81530000
17	82030000	82040000	17	82150000	82160000
18	2760000	2770000	18	3240000	3250000
18	2930000	2940000	18	3240000	3250000
18	2990000	3000000	18	3240000	3250000
18	3280000	3290000	18	3450000	3460000
18	3450000	3460000	18	3580000	3590000
2	28960000	28970000	2	29920000	29930000
18	8700000	8710000	18	8790000	8800000
18	9960000	9970000	18	10520000	10530000
18	12700000	12710000	18	13730000	13740000
18	13210000	13220000	18	13530000	13540000
18	23130000	23140000	18	23370000	23380000
18	42050000	42060000	18	43270000	43280000
18	42110000	42120000	18	43270000	43280000
18	42290000	42300000	18	43270000	43280000
18	42590000	42600000	18	43270000	43280000
18	44680000	44690000	18	45210000	45220000
18	45720000	45730000	18	45840000	45850000
18	45670000	45680000	18	46070000	46080000
18	45920000	45930000	18	46070000	46080000
18	46150000	46160000	18	46650000	46660000
18	49480000	49490000	18	50280000	50290000
18	50820000	50830000	18	51050000	51060000
2	32620000	32630000	2	33580000	33590000
18	57620000	57630000	18	58040000	58050000
18	57630000	57640000	18	59350000	59360000
18	54210000	54220000	18	54350000	54360000
18	58040000	58050000	18	58120000	58130000
18	58040000	58050000	18	58490000	58500000
18	58040000	58050000	18	58760000	58770000
18	58530000	58540000	18	58670000	58680000
2	33470000	33480000	2	33570000	33580000
18	61330000	61340000	18	62130000	62140000
18	61630000	61640000	18	61890000	61900000
18	62180000	62190000	18	62570000	62580000
18	62180000	62190000	18	62980000	62990000
18	62710000	62720000	18	62960000	62970000
18	63130000	63140000	18	63310000	63320000
18	67510000	67520000	18	68630000	68640000
18	67510000	67520000	18	68730000	68740000
18	68710000	68720000	18	70440000	70450000
18	68700000	68710000	18	70200000	70210000
18	68710000	68720000	18	70290000	70300000
18	70200000	70210000	18	70290000	70300000
18	70280000	70290000	18	70430000	70440000
18	74190000	74200000	18	74490000	74500000
18	79380000	79390000	18	79950000	79960000
19	30670000	30680000	19	32580000	32590000
19	33130000	33140000	19	33400000	33410000
19	35350000	35360000	19	35470000	35480000
2	36350000	36360000	2	36500000	36510000
19	57100000	57110000	19	58150000	58160000
19	37900000	37910000	19	38230000	38240000
19	37900000	37910000	19	38330000	38340000
19	38240000	38250000	19	38330000	38340000
19	38400000	38410000	19	38630000	38640000
19	38400000	38410000	19	38930000	38940000
19	38640000	38650000	19	38920000	38930000
19	39110000	39120000	19	39530000	39540000
19	39120000	39130000	19	39320000	39330000
19	41440000	41450000	19	41570000	41580000
19	41860000	41870000	19	41940000	41950000
19	42110000	42120000	19	42300000	42310000
19	46020000	46030000	19	46260000	46270000
19	46020000	46030000	19	46490000	46500000
19	49220000	49230000	19	49460000	49470000
19	50350000	50360000	19	50470000	50480000
19	50350000	50360000	19	50780000	50790000
19	50530000	50540000	19	50780000	50790000
19	51470000	51480000	19	51650000	51660000
19	53190000	53200000	19	53740000	53750000
19	55510000	55520000	19	55620000	55630000
19	1280000	1290000	19	1370000	1380000
19	2260000	2270000	19	2620000	2630000
19	2470000	2480000	19	2610000	2620000
19	2960000	2970000	19	3170000	3180000
19	5800000	5810000	19	6010000	6020000
19	7090000	7100000	19	7910000	7920000
19	9620000	9630000	19	9790000	9800000
19	9930000	9940000	19	10240000	10250000
19	9930000	9940000	19	10380000	10390000
19	10260000	10270000	19	10380000	10390000
19	12560000	12570000	19	12660000	12670000
19	13880000	13890000	19	14060000	14070000
19	14570000	14580000	19	14680000	14690000
19	15080000	15090000	19	15560000	15570000
19	15610000	15620000	19	16040000	16050000
19	15610000	15620000	19	16180000	16190000
19	16050000	16060000	19	16170000	16180000
19	17440000	17450000	19	17770000	17780000
19	18200000	18210000	19	18400000	18410000
19	19530000	19540000	19	19640000	19650000
19	19530000	19540000	19	19950000	19960000
20	20360000	20370000	20	20560000	20570000
20	20360000	20370000	20	21510000	21520000
20	22330000	22340000	20	23040000	23050000
20	24990000	25000000	20	25180000	25190000
20	24990000	25000000	20	25390000	25400000
20	25290000	25300000	20	25400000	25410000
20	31640000	31650000	20	31720000	31730000
20	34180000	34190000	20	34510000	34520000
2	1860000	1870000	2	3650000	3660000
20	34540000	34550000	20	34700000	34710000
20	37260000	37270000	20	37530000	37540000
20	37390000	37400000	20	37520000	37530000
20	350000	360000	20	650000	660000
20	810000	820000	20	1200000	1210000
20	1120000	1130000	20	1460000	1470000
20	2200000	2210000	20	2440000	2450000
20	4110000	4120000	20	4720000	4730000
20	4240000	4250000	20	4510000	4520000
20	4610000	4620000	20	4720000	4730000
20	5540000	5550000	20	6000000	6010000
20	6640000	6650000	20	6760000	6770000
20	6760000	6770000	20	8720000	8730000
20	10100000	10110000	20	10430000	10440000
20	14330000	14340000	20	15230000	15240000
20	14330000	14340000	20	15650000	15660000
20	14330000	14340000	20	15920000	15930000
20	38800000	38810000	20	38880000	38890000
2	6910000	6920000	2	7010000	7020000
20	39270000	39280000	20	40680000	40690000
20	41730000	41740000	20	43180000	43190000
20	43450000	43460000	20	43690000	43700000
20	43450000	43460000	20	44080000	44090000
20	43450000	43460000	20	44190000	44200000
20	44210000	44220000	20	44310000	44320000
20	44210000	44220000	20	44460000	44470000
20	44210000	44220000	20	44610000	44620000
20	44210000	44220000	20	44670000	44680000
20	44210000	44220000	20	44870000	44880000
20	45360000	45370000	20	45430000	45440000
20	45810000	45820000	20	46360000	46370000
20	45810000	45820000	20	45950000	45960000
20	46130000	46140000	20	46680000	46690000
20	46520000	46530000	20	46680000	46690000
20	47780000	47790000	20	48610000	48620000
20	50190000	50200000	20	50460000	50470000
20	50800000	50810000	20	50930000	50940000
20	51800000	51810000	20	52080000	52090000
20	53590000	53600000	20	53730000	53740000
20	56390000	56400000	20	56480000	56490000
20	56390000	56400000	20	57340000	57350000
