chr1	start1	end1	chr2	start2	end2
2	79020000	79030000	2	79880000	79890000
2	85630000	85640000	2	86100000	86110000
2	86620000	86630000	2	88020000	88030000
2	96300000	96310000	2	96530000	96540000
2	96850000	96860000	2	96950000	96960000
2	99480000	99490000	2	100560000	100570000
2	102470000	102480000	2	102600000	102610000
2	105340000	105350000	2	106190000	106200000
2	120340000	120350000	2	120670000	120680000
2	120340000	120350000	2	121070000	121080000
2	128310000	128320000	2	128730000	128740000
2	128310000	128320000	2	129910000	129920000
2	131030000	131040000	2	132400000	132410000
2	135920000	135930000	2	136110000	136120000
2	136110000	136120000	2	136370000	136380000
2	144520000	144530000	2	144690000	144700000
2	149580000	149590000	2	151430000	151440000
1	41570000	41580000	1	42160000	42170000
2	149600000	149610000	2	150480000	150490000
2	151270000	151280000	2	152710000	152720000
2	151820000	151830000	2	152710000	152720000
2	152170000	152180000	2	152710000	152720000
2	152330000	152340000	2	152620000	152630000
1	42780000	42790000	1	43070000	43080000
2	156330000	156340000	2	156410000	156420000
2	157320000	157330000	2	157480000	157490000
2	157320000	157330000	2	158000000	158010000
2	158030000	158040000	2	158450000	158460000
2	159610000	159620000	2	159710000	159720000
2	162150000	162160000	2	162290000	162300000
2	189440000	189450000	2	191010000	191020000
2	189660000	189670000	2	189770000	189780000
2	189660000	189670000	2	190070000	190080000
2	189660000	189670000	2	190520000	190530000
2	189660000	189670000	2	191020000	191030000
2	189790000	189800000	2	190060000	190070000
2	189770000	189780000	2	191010000	191020000
2	189780000	189790000	2	190880000	190890000
1	43530000	43540000	1	43930000	43940000
2	195660000	195670000	2	196060000	196070000
2	196060000	196070000	2	197780000	197790000
2	196290000	196300000	2	197780000	197790000
1	45010000	45020000	1	45300000	45310000
2	197800000	197810000	2	198290000	198300000
2	198310000	198320000	2	199850000	199860000
1	45010000	45020000	1	45490000	45500000
2	200510000	200520000	2	202250000	202260000
2	200580000	200590000	2	200700000	200710000
2	200900000	200910000	2	201070000	201080000
1	45010000	45020000	1	45570000	45580000
2	203230000	203240000	2	203810000	203820000
2	206770000	206780000	2	208250000	208260000
2	207530000	207540000	2	207710000	207720000
2	208260000	208270000	2	210170000	210180000
2	209420000	209430000	2	209560000	209570000
2	209420000	209430000	2	210190000	210200000
2	212770000	212780000	2	213150000	213160000
1	46430000	46440000	1	46530000	46540000
2	213140000	213150000	2	214800000	214810000
2	213270000	213280000	2	214800000	214810000
1	47190000	47200000	1	47720000	47730000
2	216690000	216700000	2	217150000	217160000
2	164990000	165000000	2	166120000	166130000
2	165000000	165010000	2	165200000	165210000
2	166370000	166380000	2	168120000	168130000
1	47430000	47440000	1	47710000	47720000
2	168150000	168160000	2	168240000	168250000
2	169450000	169460000	2	170810000	170820000
2	169580000	169590000	2	171420000	171430000
2	169810000	169820000	2	171430000	171440000
2	169930000	169940000	2	170810000	170820000
2	170230000	170240000	2	170810000	170820000
2	170710000	170720000	2	172080000	172090000
2	170810000	170820000	2	172090000	172100000
2	170950000	170960000	2	171430000	171440000
2	171160000	171170000	2	171420000	171430000
2	173400000	173410000	2	174330000	174340000
2	174330000	174340000	2	176090000	176100000
2	174700000	174710000	2	176090000	176100000
2	175010000	175020000	2	176090000	176100000
2	175190000	175200000	2	176090000	176100000
2	175360000	175370000	2	176090000	176100000
2	176120000	176130000	2	176640000	176650000
2	176120000	176130000	2	177140000	177150000
2	176120000	176130000	2	177410000	177420000
2	176120000	176130000	2	177750000	177760000
2	178110000	178120000	2	178410000	178420000
2	178110000	178120000	2	179750000	179760000
2	178410000	178420000	2	180000000	180010000
2	181300000	181310000	2	181450000	181460000
2	217780000	217790000	2	218060000	218070000
2	218280000	218290000	2	218650000	218660000
2	218290000	218300000	2	218390000	218400000
2	219160000	219170000	2	219290000	219300000
2	219160000	219170000	2	219370000	219380000
2	219730000	219740000	2	221570000	221580000
2	220680000	220690000	2	221570000	221580000
2	222860000	222870000	2	224580000	224590000
2	223830000	223840000	2	223940000	223950000
2	223950000	223960000	2	224580000	224590000
1	51880000	51890000	1	53190000	53200000
2	226420000	226430000	2	226790000	226800000
2	227130000	227140000	2	227870000	227880000
2	227890000	227900000	2	229270000	229280000
2	227890000	227900000	2	229710000	229720000
2	236500000	236510000	2	237040000	237050000
2	237150000	237160000	2	237560000	237570000
2	237150000	237160000	2	237480000	237490000
2	237590000	237600000	2	237680000	237690000
2	238360000	238370000	2	240140000	240150000
2	239030000	239040000	2	240140000	240150000
2	231610000	231620000	2	231700000	231710000
2	240050000	240060000	2	240140000	240150000
2	240050000	240060000	2	240430000	240440000
2	240150000	240160000	2	240430000	240440000
2	240220000	240230000	2	240430000	240440000
2	233850000	233860000	2	234500000	234510000
2	234290000	234300000	2	234490000	234500000
1	53860000	53870000	1	54800000	54810000
3	4310000	4320000	3	5180000	5190000
3	8960000	8970000	3	9420000	9430000
3	8960000	8970000	3	9650000	9660000
1	54060000	54070000	1	54800000	54810000
1	54400000	54410000	1	54480000	54490000
3	14650000	14660000	3	14920000	14930000
3	15190000	15200000	3	16170000	16180000
3	15200000	15210000	3	15800000	15810000
3	16260000	16270000	3	17740000	17750000
3	16600000	16610000	3	17230000	17240000
3	16600000	16610000	3	17840000	17850000
3	16600000	16610000	3	17400000	17410000
3	17740000	17750000	3	18420000	18430000
3	18420000	18430000	3	18750000	18760000
3	39100000	39110000	3	39280000	39290000
3	39190000	39200000	3	39280000	39290000
3	39410000	39420000	3	40310000	40320000
3	40190000	40200000	3	40310000	40320000
3	45940000	45950000	3	46070000	46080000
3	45940000	45950000	3	46370000	46380000
3	46080000	46090000	3	46370000	46380000
3	46700000	46710000	3	46890000	46900000
3	46710000	46720000	3	47340000	47350000
3	47510000	47520000	3	47790000	47800000
3	48270000	48280000	3	48430000	48440000
3	50350000	50360000	3	50540000	50550000
3	50350000	50360000	3	51380000	51390000
1	55280000	55290000	1	56810000	56820000
3	51390000	51400000	3	51670000	51680000
3	51500000	51510000	3	51670000	51680000
3	51500000	51510000	3	51800000	51810000
3	18430000	18440000	3	20040000	20050000
3	19950000	19960000	3	20180000	20190000
3	19950000	19960000	3	20040000	20050000
3	20040000	20050000	3	20180000	20190000
3	23200000	23210000	3	23800000	23810000
3	23930000	23940000	3	25780000	25790000
3	25650000	25660000	3	26620000	26630000
1	56830000	56840000	1	58540000	58550000
3	27360000	27370000	3	27470000	27480000
3	27480000	27490000	3	27670000	27680000
3	27480000	27490000	3	28330000	28340000
3	31220000	31230000	3	31530000	31540000
3	32500000	32510000	3	33790000	33800000
3	32710000	32720000	3	33790000	33800000
3	32950000	32960000	3	33370000	33380000
1	58780000	58790000	1	59290000	59300000
3	37450000	37460000	3	37530000	37540000
3	58000000	58010000	3	58160000	58170000
3	58180000	58190000	3	58300000	58310000
3	58640000	58650000	3	59050000	59060000
3	62200000	62210000	3	63810000	63820000
3	62330000	62340000	3	63810000	63820000
3	62620000	62630000	3	63810000	63820000
3	63860000	63870000	3	63990000	64000000
3	70070000	70080000	3	71580000	71590000
3	71000000	71010000	3	71580000	71590000
3	72850000	72860000	3	73060000	73070000
3	72930000	72940000	3	73060000	73070000
3	87270000	87280000	3	88170000	88180000
3	88050000	88060000	3	88150000	88160000
3	88050000	88060000	3	89110000	89120000
3	88140000	88150000	3	89110000	89120000
3	93980000	93990000	3	94070000	94080000
3	98510000	98520000	3	99810000	99820000
3	98590000	98600000	3	99750000	99760000
3	99820000	99830000	3	101570000	101580000
1	62430000	62440000	1	62760000	62770000
1	62430000	62440000	1	63520000	63530000
3	105710000	105720000	3	105860000	105870000
3	108080000	108090000	3	108220000	108230000
1	62430000	62440000	1	63590000	63600000
3	111070000	111080000	3	111530000	111540000
3	111070000	111080000	3	111670000	111680000
3	111700000	111710000	3	111970000	111980000
3	112120000	112130000	3	112990000	113000000
3	112560000	112570000	3	113520000	113530000
3	113520000	113530000	3	115140000	115150000
3	113740000	113750000	3	115660000	115670000
1	63320000	63330000	1	65250000	65260000
3	113830000	113840000	3	114420000	114430000
3	113940000	113950000	3	114050000	114060000
3	116770000	116780000	3	117990000	118000000
3	117010000	117020000	3	117990000	118000000
3	119260000	119270000	3	119670000	119680000
3	119470000	119480000	3	120740000	120750000
3	121540000	121550000	3	122370000	122380000
3	121550000	121560000	3	123020000	123030000
3	122390000	122400000	3	122680000	122690000
3	122560000	122570000	3	122680000	122690000
3	124930000	124940000	3	125570000	125580000
3	126510000	126520000	3	127540000	127550000
3	126520000	126530000	3	127450000	127460000
3	128080000	128090000	3	128490000	128500000
3	129160000	129170000	3	129240000	129250000
3	130750000	130760000	3	130890000	130900000
3	131030000	131040000	3	132030000	132040000
3	132410000	132420000	3	133660000	133670000
3	132660000	132670000	3	133640000	133650000
3	132660000	132670000	3	134480000	134490000
3	132720000	132730000	3	134480000	134490000
3	132720000	132730000	3	133500000	133510000
3	132720000	132730000	3	133650000	133660000
3	132720000	132730000	3	133810000	133820000
3	132720000	132730000	3	133920000	133930000
3	133660000	133670000	3	134480000	134490000
3	133810000	133820000	3	134480000	134490000
3	134790000	134800000	3	135500000	135510000
3	134790000	134800000	3	135890000	135900000
3	134790000	134800000	3	136030000	136040000
3	136750000	136760000	3	137010000	137020000
3	138180000	138190000	3	138920000	138930000
3	138590000	138600000	3	139340000	139350000
3	138590000	138600000	3	138920000	138930000
3	141300000	141310000	3	143000000	143010000
3	141730000	141740000	3	141900000	141910000
3	181710000	181720000	3	182680000	182690000
3	184330000	184340000	3	185930000	185940000
3	184370000	184380000	3	184530000	184540000
3	185970000	185980000	3	186540000	186550000
3	185970000	185980000	3	186610000	186620000
3	186250000	186260000	3	186540000	186550000
3	187740000	187750000	3	188430000	188440000
3	194130000	194140000	3	194300000	194310000
3	194670000	194680000	3	195260000	195270000
3	194680000	194690000	3	195100000	195110000
3	167380000	167390000	3	167680000	167690000
3	167380000	167390000	3	167740000	167750000
3	169140000	169150000	3	169660000	169670000
3	169770000	169780000	3	170360000	170370000
3	170410000	170420000	3	170820000	170830000
3	177190000	177200000	3	177350000	177360000
3	179010000	179020000	3	179320000	179330000
3	179010000	179020000	3	179560000	179570000
3	179430000	179440000	3	179560000	179570000
3	179600000	179610000	3	180600000	180610000
3	180600000	180610000	3	180910000	180920000
3	180610000	180620000	3	180980000	180990000
3	146460000	146470000	3	146550000	146560000
3	154320000	154330000	3	155850000	155860000
3	154320000	154330000	3	155080000	155090000
3	155740000	155750000	3	157140000	157150000
3	155860000	155870000	3	157160000	157170000
3	156550000	156560000	3	156670000	156680000
3	156670000	156680000	3	157080000	157090000
3	156670000	156680000	3	157140000	157150000
3	158800000	158810000	3	160400000	160410000
1	67830000	67840000	1	68490000	68500000
4	21780000	21790000	4	22690000	22700000
4	22400000	22410000	4	22690000	22700000
4	24560000	24570000	4	25370000	25380000
4	36240000	36250000	4	36320000	36330000
4	6710000	6720000	4	7070000	7080000
4	7190000	7200000	4	7710000	7720000
4	10570000	10580000	4	11420000	11430000
4	12850000	12860000	4	13540000	13550000
4	13480000	13490000	4	15000000	15010000
4	13640000	13650000	4	15000000	15010000
4	15000000	15010000	4	15660000	15670000
4	15000000	15010000	4	16220000	16230000
4	16220000	16230000	4	17810000	17820000
4	17570000	17580000	4	18020000	18030000
4	17610000	17620000	4	17800000	17810000
4	17810000	17820000	4	18020000	18030000
4	38060000	38070000	4	38860000	38870000
4	38760000	38770000	4	38860000	38870000
4	39460000	39470000	4	39970000	39980000
4	40050000	40060000	4	40320000	40330000
4	51890000	51900000	4	52020000	52030000
1	70350000	70360000	1	71060000	71070000
4	53010000	53020000	4	54220000	54230000
4	53910000	53920000	4	54220000	54230000
4	56420000	56430000	4	56820000	56830000
1	70520000	70530000	1	71040000	71050000
4	67550000	67560000	4	67900000	67910000
4	70590000	70600000	4	71710000	71720000
4	70590000	70600000	4	72300000	72310000
4	70700000	70710000	4	70830000	70840000
4	73070000	73080000	4	73250000	73260000
4	94200000	94210000	4	94440000	94450000
4	98140000	98150000	4	99050000	99060000
4	98140000	98150000	4	99880000	99890000
4	98920000	98930000	4	99940000	99950000
4	99560000	99570000	4	99800000	99810000
4	99560000	99570000	4	99880000	99890000
4	102430000	102440000	4	103010000	103020000
4	102430000	102440000	4	103090000	103100000
4	105140000	105150000	4	105460000	105470000
4	105140000	105150000	4	105710000	105720000
4	105470000	105480000	4	105700000	105710000
4	105700000	105710000	4	106320000	106330000
4	108010000	108020000	4	109810000	109820000
4	108630000	108640000	4	109820000	109830000
4	109420000	109430000	4	109810000	109820000
4	109430000	109440000	4	109560000	109570000
4	109430000	109440000	4	109710000	109720000
4	109700000	109710000	4	109810000	109820000
4	76140000	76150000	4	77850000	77860000
4	76420000	76430000	4	76750000	76760000
1	111470000	111480000	1	111750000	111760000
4	76420000	76430000	4	77030000	77040000
4	78630000	78640000	4	78770000	78780000
4	80060000	80070000	4	80190000	80200000
4	82440000	82450000	4	82890000	82900000
4	82900000	82910000	4	83010000	83020000
4	83490000	83500000	4	84960000	84970000
4	86920000	86930000	4	87220000	87230000
4	86930000	86940000	4	87010000	87020000
4	87850000	87860000	4	87970000	87980000
4	89470000	89480000	4	89890000	89900000
4	109430000	109440000	4	110190000	110200000
4	110620000	110630000	4	111630000	111640000
4	110620000	110630000	4	112510000	112520000
4	113540000	113550000	4	113760000	113770000
4	118280000	118290000	4	120060000	120070000
4	118770000	118780000	4	118880000	118890000
4	118830000	118840000	4	120060000	120070000
4	118980000	118990000	4	119620000	119630000
4	120060000	120070000	4	121810000	121820000
4	120060000	120070000	4	121860000	121870000
4	121810000	121820000	4	122730000	122740000
4	121820000	121830000	4	122920000	122930000
4	125310000	125320000	4	126400000	126410000
4	127960000	127970000	4	128060000	128070000
4	127960000	127970000	4	128810000	128820000
4	127960000	127970000	4	129090000	129100000
4	128060000	128070000	4	128280000	128290000
4	128060000	128070000	4	129080000	129090000
4	128280000	128290000	4	128810000	128820000
4	128280000	128290000	4	129090000	129100000
4	128810000	128820000	4	129090000	129100000
1	118150000	118160000	1	119360000	119370000
4	140150000	140160000	4	140240000	140250000
1	91500000	91510000	1	92290000	92300000
4	142120000	142130000	4	142840000	142850000
4	145160000	145170000	4	145610000	145620000
4	163160000	163170000	4	165100000	165110000
4	163490000	163500000	4	165310000	165320000
4	165120000	165130000	4	165320000	165330000
4	165130000	165140000	4	165370000	165380000
4	169010000	169020000	4	169480000	169490000
4	169610000	169620000	4	169760000	169770000
4	169610000	169620000	4	170030000	170040000
1	93180000	93190000	1	93860000	93870000
4	173020000	173030000	4	173160000	173170000
4	173180000	173190000	4	174280000	174290000
4	176190000	176200000	4	176310000	176320000
4	176190000	176200000	4	177440000	177450000
1	93440000	93450000	1	93840000	93850000
4	176320000	176330000	4	177440000	177450000
4	177310000	177320000	4	177440000	177450000
1	93440000	93450000	1	94800000	94810000
4	184260000	184270000	4	184640000	184650000
4	186720000	186730000	4	186930000	186940000
4	145720000	145730000	4	147610000	147620000
4	148050000	148060000	4	148440000	148450000
4	151100000	151110000	4	152530000	152540000
4	151270000	151280000	4	152380000	152390000
4	151760000	151770000	4	152360000	152370000
1	94050000	94060000	1	94230000	94240000
4	153340000	153350000	4	153470000	153480000
4	153340000	153350000	4	153570000	153580000
4	154550000	154560000	4	155360000	155370000
4	154550000	154560000	4	155780000	155790000
4	154550000	154560000	4	155940000	155950000
4	155370000	155380000	4	155780000	155790000
4	155660000	155670000	4	155760000	155770000
4	158720000	158730000	4	159190000	159200000
4	158720000	158730000	4	159440000	159450000
4	162490000	162500000	4	163330000	163340000
4	162490000	162500000	4	163470000	163480000
1	96720000	96730000	1	96800000	96810000
5	32440000	32450000	5	32600000	32610000
5	33440000	33450000	5	33960000	33970000
5	33440000	33450000	5	34460000	34470000
5	33440000	33450000	5	34010000	34020000
5	33440000	33450000	5	34920000	34930000
5	34000000	34010000	5	34910000	34920000
5	34920000	34930000	5	36230000	36240000
5	34930000	34940000	5	36870000	36880000
5	35080000	35090000	5	35930000	35940000
5	35630000	35640000	5	35930000	35940000
5	36240000	36250000	5	36690000	36700000
5	1870000	1880000	5	2750000	2760000
5	1880000	1890000	5	3590000	3600000
5	2750000	2760000	5	3590000	3600000
5	3590000	3600000	5	4010000	4020000
5	5140000	5150000	5	6740000	6750000
5	6370000	6380000	5	6620000	6630000
5	6370000	6380000	5	6720000	6730000
5	7890000	7900000	5	9540000	9550000
5	10440000	10450000	5	10620000	10630000
5	10440000	10450000	5	10750000	10760000
1	99800000	99810000	1	100030000	100040000
5	17210000	17220000	5	18300000	18310000
5	38440000	38450000	5	38550000	38560000
5	40380000	40390000	5	40670000	40680000
5	40490000	40500000	5	40670000	40680000
5	41900000	41910000	5	43600000	43610000
5	43510000	43520000	5	44800000	44810000
5	53100000	53110000	5	54220000	54230000
5	54510000	54520000	5	54850000	54860000
5	54510000	54520000	5	55150000	55160000
5	54510000	54520000	5	55700000	55710000
5	55170000	55180000	5	55690000	55700000
5	56890000	56900000	5	58460000	58470000
5	57780000	57790000	5	58460000	58470000
5	59810000	59820000	5	60940000	60950000
5	60680000	60690000	5	60940000	60950000
5	62450000	62460000	5	63960000	63970000
1	107050000	107060000	1	107740000	107750000
5	64760000	64770000	5	66150000	66160000
5	64810000	64820000	5	65480000	65490000
5	64950000	64960000	5	65480000	65490000
1	107140000	107150000	1	107740000	107750000
5	93580000	93590000	5	93800000	93810000
5	93580000	93590000	5	93900000	93910000
5	93580000	93590000	5	94710000	94720000
5	95640000	95650000	5	95780000	95790000
5	95640000	95650000	5	95840000	95850000
1	107790000	107800000	1	107960000	107970000
5	97180000	97190000	5	98820000	98830000
5	100830000	100840000	5	100900000	100910000
5	103120000	103130000	5	103240000	103250000
5	108740000	108750000	5	109400000	109410000
5	108740000	108750000	5	109680000	109690000
5	109400000	109410000	5	109680000	109690000
5	74680000	74690000	5	74760000	74770000
5	74760000	74770000	5	74900000	74910000
5	75050000	75060000	5	76250000	76260000
5	81750000	81760000	5	81850000	81860000
5	86610000	86620000	5	87410000	87420000
5	86610000	86620000	5	88260000	88270000
5	87260000	87270000	5	87400000	87410000
5	87410000	87420000	5	88680000	88690000
5	88670000	88680000	5	90550000	90560000
5	90530000	90540000	5	91380000	91390000
5	131160000	131170000	5	131380000	131390000
5	131170000	131180000	5	131260000	131270000
5	135460000	135470000	5	135830000	135840000
5	135560000	135570000	5	135830000	135840000
5	137630000	137640000	5	138130000	138140000
5	137770000	137780000	5	138130000	138140000
5	138570000	138580000	5	139270000	139280000
5	139790000	139800000	5	139960000	139970000
5	140550000	140560000	5	141630000	141640000
5	140640000	140650000	5	141620000	141630000
5	141200000	141210000	5	141550000	141560000
5	141330000	141340000	5	141550000	141560000
5	141410000	141420000	5	141550000	141560000
5	141680000	141690000	5	141960000	141970000
5	142730000	142740000	5	144170000	144180000
5	142910000	142920000	5	144170000	144180000
5	143390000	143400000	5	143810000	143820000
1	3470000	3480000	1	3620000	3630000
1	84140000	84150000	1	84750000	84760000
5	111750000	111760000	5	112150000	112160000
5	112990000	113000000	5	113510000	113520000
1	84940000	84950000	1	85250000	85260000
5	115290000	115300000	5	116560000	116570000
5	115530000	115540000	5	115840000	115850000
5	115620000	115630000	5	116070000	116080000
5	115620000	115630000	5	116560000	116570000
1	85270000	85280000	1	86910000	86920000
5	121960000	121970000	5	123510000	123520000
5	124740000	124750000	5	124900000	124910000
5	124740000	124750000	5	125000000	125010000
5	126340000	126350000	5	126600000	126610000
5	168270000	168280000	5	169300000	169310000
5	168490000	168500000	5	168570000	168580000
5	168680000	168690000	5	169300000	169310000
5	168980000	168990000	5	169300000	169310000
5	170100000	170110000	5	170420000	170430000
5	170100000	170110000	5	170620000	170630000
5	171310000	171320000	5	173230000	173240000
5	171410000	171420000	5	171900000	171910000
5	171400000	171410000	5	172180000	172190000
5	171400000	171410000	5	172280000	172290000
5	172100000	172110000	5	172190000	172200000
5	172100000	172110000	5	172280000	172290000
5	172770000	172780000	5	172850000	172860000
5	173610000	173620000	5	173910000	173920000
5	173610000	173620000	5	173970000	173980000
5	173610000	173620000	5	174310000	174320000
5	174040000	174050000	5	174310000	174320000
5	174950000	174960000	5	175440000	175450000
5	175530000	175540000	5	175870000	175880000
5	175730000	175740000	5	176630000	176640000
5	177590000	177600000	5	178160000	178170000
5	178210000	178220000	5	179690000	179700000
1	86910000	86920000	1	88680000	88690000
5	180290000	180300000	5	180470000	180480000
5	146190000	146200000	5	146440000	146450000
1	87320000	87330000	1	88880000	88890000
5	148810000	148820000	5	149550000	149560000
5	148820000	148830000	5	149270000	149280000
5	150450000	150460000	5	150700000	150710000
1	87330000	87340000	1	88680000	88690000
5	150560000	150570000	5	150840000	150850000
5	150560000	150570000	5	150660000	150670000
5	151440000	151450000	5	151650000	151660000
5	153490000	153500000	5	153960000	153970000
5	154440000	154450000	5	154930000	154940000
5	154470000	154480000	5	154610000	154620000
1	88980000	88990000	1	89990000	90000000
5	154760000	154770000	5	154850000	154860000
5	157150000	157160000	5	157730000	157740000
5	157340000	157350000	5	157730000	157740000
5	157340000	157350000	5	159120000	159130000
1	88990000	89000000	1	89450000	89460000
1	88990000	89000000	1	89600000	89610000
5	160440000	160450000	5	161540000	161550000
5	161540000	161550000	5	163340000	163350000
6	70300000	70310000	6	70690000	70700000
6	70300000	70310000	6	70880000	70890000
6	70300000	70310000	6	71010000	71020000
1	89080000	89090000	1	89360000	89370000
1	89630000	89640000	1	89750000	89760000
6	1590000	1600000	6	2750000	2760000
6	1590000	1600000	6	2970000	2980000
6	1600000	1610000	6	2100000	2110000
6	1600000	1610000	6	2190000	2200000
6	1600000	1610000	6	2350000	2360000
6	1600000	1610000	6	3050000	3060000
6	2760000	2770000	6	4010000	4020000
6	2760000	2770000	6	3060000	3070000
6	2840000	2850000	6	2920000	2930000
6	3080000	3090000	6	4020000	4030000
6	3130000	3140000	6	3250000	3260000
6	3750000	3760000	6	5380000	5390000
6	7720000	7730000	6	8000000	8010000
6	12910000	12920000	6	13320000	13330000
6	13330000	13340000	6	13610000	13620000
6	16510000	16520000	6	16760000	16770000
6	17150000	17160000	6	18120000	18130000
1	150250000	150260000	1	150990000	151000000
6	39340000	39350000	6	40580000	40590000
6	39350000	39360000	6	41050000	41060000
6	39970000	39980000	6	41040000	41050000
6	41780000	41790000	6	42050000	42060000
6	41780000	41790000	6	42210000	42220000
1	152650000	152660000	1	153210000	153220000
6	42660000	42670000	6	42870000	42880000
6	44100000	44110000	6	44240000	44250000
6	44160000	44170000	6	44240000	44250000
1	152870000	152880000	1	153210000	153220000
1	153350000	153360000	1	153490000	153500000
6	47780000	47790000	6	48760000	48770000
6	47780000	47790000	6	49410000	49420000
6	50810000	50820000	6	51350000	51360000
6	50810000	50820000	6	51950000	51960000
6	50810000	50820000	6	52020000	52030000
6	50810000	50820000	6	52260000	52270000
6	52280000	52290000	6	52390000	52400000
6	52280000	52290000	6	52660000	52670000
6	52280000	52290000	6	53060000	53070000
6	52400000	52410000	6	53060000	53070000
6	52420000	52430000	6	52580000	52590000
1	153510000	153520000	1	153980000	153990000
6	20210000	20220000	6	20520000	20530000
1	153800000	153810000	1	153980000	153990000
6	20400000	20410000	6	20520000	20530000
6	20400000	20410000	6	21590000	21600000
6	26030000	26040000	6	27140000	27150000
6	26030000	26040000	6	27880000	27890000
1	154480000	154490000	1	155050000	155060000
6	26120000	26130000	6	27140000	27150000
6	26180000	26190000	6	27140000	27150000
6	27140000	27150000	6	27880000	27890000
6	27150000	27160000	6	27800000	27810000
6	28680000	28690000	6	29580000	29590000
1	154560000	154570000	1	155050000	155060000
6	30480000	30490000	6	30600000	30610000
6	31660000	31670000	6	33290000	33300000
6	33580000	33590000	6	33700000	33710000
6	34240000	34250000	6	34410000	34420000
6	35300000	35310000	6	35730000	35740000
6	35310000	35320000	6	35450000	35460000
6	36610000	36620000	6	37000000	37010000
6	36880000	36890000	6	37200000	37210000
1	156380000	156390000	1	156610000	156620000
6	37480000	37490000	6	37690000	37700000
6	73740000	73750000	6	75200000	75210000
6	73970000	73980000	6	75200000	75210000
6	74090000	74100000	6	75200000	75210000
1	156470000	156480000	1	156590000	156600000
6	80000000	80010000	6	80100000	80110000
6	82240000	82250000	6	83860000	83870000
6	83060000	83070000	6	83200000	83210000
6	83060000	83070000	6	84220000	84230000
6	83210000	83220000	6	84220000	84230000
6	83220000	83230000	6	83510000	83520000
6	83610000	83620000	6	84220000	84230000
6	83870000	83880000	6	84220000	84230000
6	85450000	85460000	6	85670000	85680000
6	85670000	85680000	6	87400000	87410000
6	87150000	87160000	6	87240000	87250000
6	88960000	88970000	6	90580000	90590000
6	88980000	88990000	6	89080000	89090000
6	89430000	89440000	6	89610000	89620000
6	90290000	90300000	6	90380000	90390000
6	110680000	110690000	6	110950000	110960000
6	117450000	117460000	6	117600000	117610000
6	118650000	118660000	6	118900000	118910000
6	118800000	118810000	6	118890000	118900000
6	122390000	122400000	6	122470000	122480000
6	123800000	123810000	6	124850000	124860000
6	123800000	123810000	6	125110000	125120000
6	125300000	125310000	6	125970000	125980000
6	125310000	125320000	6	127110000	127120000
6	125990000	126000000	6	127110000	127120000
1	160730000	160740000	1	160950000	160960000
6	132530000	132540000	6	133540000	133550000
1	160830000	160840000	1	160950000	160960000
1	161200000	161210000	1	161380000	161390000
6	135040000	135050000	6	136250000	136260000
6	136640000	136650000	6	136790000	136800000
1	161200000	161210000	1	161740000	161750000
6	137700000	137710000	6	137860000	137870000
6	138110000	138120000	6	138980000	138990000
6	138110000	138120000	6	139130000	139140000
1	161400000	161410000	1	161740000	161750000
6	142150000	142160000	6	143840000	143850000
1	161770000	161780000	1	163320000	163330000
6	144090000	144100000	6	145710000	145720000
6	145730000	145740000	6	145810000	145820000
6	145810000	145820000	6	145950000	145960000
6	95570000	95580000	6	96910000	96920000
6	96520000	96530000	6	97280000	97290000
6	96620000	96630000	6	96890000	96900000
6	98830000	98840000	6	99600000	99610000
6	98830000	98840000	6	100460000	100470000
6	99600000	99610000	6	100460000	100470000
1	162860000	162870000	1	163170000	163180000
6	108540000	108550000	6	108840000	108850000
6	108550000	108560000	6	109380000	109390000
6	108550000	108560000	6	109450000	109460000
6	109190000	109200000	6	109380000	109390000
6	145730000	145740000	6	146770000	146780000
1	181180000	181190000	1	182390000	182400000
6	147500000	147510000	6	148160000	148170000
6	148740000	148750000	6	148940000	148950000
1	181470000	181480000	1	182400000	182410000
6	151440000	151450000	6	152980000	152990000
6	152990000	153000000	6	154730000	154740000
1	181480000	181490000	1	182050000	182060000
6	155320000	155330000	6	156770000	156780000
1	182080000	182090000	1	182390000	182400000
6	156690000	156700000	6	156770000	156780000
6	157320000	157330000	6	157600000	157610000
6	157320000	157330000	6	157660000	157670000
6	157320000	157330000	6	157940000	157950000
1	182080000	182090000	1	182580000	182590000
6	159160000	159170000	6	159650000	159660000
1	182080000	182090000	1	182780000	182790000
6	160740000	160750000	6	160990000	161000000
1	182140000	182150000	1	182390000	182400000
7	55360000	55370000	7	56100000	56110000
1	182450000	182460000	1	182580000	182590000
7	1570000	1580000	7	2210000	2220000
7	1570000	1580000	7	2350000	2360000
1	182590000	182600000	1	182780000	182790000
7	4790000	4800000	7	4880000	4890000
1	183470000	183480000	1	183610000	183620000
7	18350000	18360000	7	19110000	19120000
1	183640000	183650000	1	185150000	185160000
7	40330000	40340000	7	41700000	41710000
1	183650000	183660000	1	183910000	183920000
7	42930000	42940000	7	43720000	43730000
7	42940000	42950000	7	43110000	43120000
7	43580000	43590000	7	43700000	43710000
7	44060000	44070000	7	45110000	45120000
7	44580000	44590000	7	45120000	45130000
7	44970000	44980000	7	45120000	45130000
1	183650000	183660000	1	184050000	184060000
7	45150000	45160000	7	45260000	45270000
7	47940000	47950000	7	49770000	49780000
1	183650000	183660000	1	184220000	184230000
7	47940000	47950000	7	49850000	49860000
7	50090000	50100000	7	50670000	50680000
7	50090000	50100000	7	51060000	51070000
7	50090000	50100000	7	51150000	51160000
7	50210000	50220000	7	50300000	50310000
7	54760000	54770000	7	55880000	55890000
7	19110000	19120000	7	20780000	20790000
7	19720000	19730000	7	20780000	20790000
7	20780000	20790000	7	22080000	22090000
7	21260000	21270000	7	21420000	21430000
1	184750000	184760000	1	185310000	185320000
7	22350000	22360000	7	22450000	22460000
7	25860000	25870000	7	27160000	27170000
7	26080000	26090000	7	27150000	27160000
7	26190000	26200000	7	27160000	27170000
7	26370000	26380000	7	27160000	27170000
7	26680000	26690000	7	27150000	27160000
7	27200000	27210000	7	27580000	27590000
7	27200000	27210000	7	27770000	27780000
7	27200000	27210000	7	27920000	27930000
1	185040000	185050000	1	185150000	185160000
1	185150000	185160000	1	186370000	186380000
7	87210000	87220000	7	87870000	87880000
7	128340000	128350000	7	130050000	130060000
1	15120000	15130000	1	15430000	15440000
7	132320000	132330000	7	132570000	132580000
7	132390000	132400000	7	132570000	132580000
7	134520000	134530000	7	134950000	134960000
7	134650000	134660000	7	135970000	135980000
7	137900000	137910000	7	138000000	138010000
7	138000000	138010000	7	138450000	138460000
1	192470000	192480000	1	192800000	192810000
7	139770000	139780000	7	139990000	140000000
7	140170000	140180000	7	140320000	140330000
7	91070000	91080000	7	92440000	92450000
7	92520000	92530000	7	93050000	93060000
1	192470000	192480000	1	193120000	193130000
7	92620000	92630000	7	92830000	92840000
7	93230000	93240000	7	94000000	94010000
7	93230000	93240000	7	94650000	94660000
7	96070000	96080000	7	97020000	97030000
1	192800000	192810000	1	193020000	193030000
7	100100000	100110000	7	100870000	100880000
7	100120000	100130000	7	100410000	100420000
7	100460000	100470000	7	100560000	100570000
7	100460000	100470000	7	100860000	100870000
7	100700000	100710000	7	100850000	100860000
7	100870000	100880000	7	102410000	102420000
7	100880000	100890000	7	102290000	102300000
7	100890000	100900000	7	101060000	101070000
7	101150000	101160000	7	102430000	102440000
7	101240000	101250000	7	102420000	102430000
7	105870000	105880000	7	106020000	106030000
1	15320000	15330000	1	15430000	15440000
7	106280000	106290000	7	107160000	107170000
7	106660000	106670000	7	107150000	107160000
7	107740000	107750000	7	107870000	107880000
7	111090000	111100000	7	111730000	111740000
7	112200000	112210000	7	112450000	112460000
7	112450000	112460000	7	112930000	112940000
7	112930000	112940000	7	113110000	113120000
7	116860000	116870000	7	118180000	118190000
7	120980000	120990000	7	121080000	121090000
7	146110000	146120000	7	148070000	148080000
7	151360000	151370000	7	151440000	151450000
7	155450000	155460000	7	157010000	157020000
7	155810000	155820000	7	156470000	156480000
8	4230000	4240000	8	4990000	5000000
8	6420000	6430000	8	6700000	6710000
8	9050000	9060000	8	9150000	9160000
8	10050000	10060000	8	10830000	10840000
8	17240000	17250000	8	17920000	17930000
8	36860000	36870000	8	38150000	38160000
8	37760000	37770000	8	38390000	38400000
8	37760000	37770000	8	38750000	38760000
1	200620000	200630000	1	200800000	200810000
8	40250000	40260000	8	41520000	41530000
8	41540000	41550000	8	42390000	42400000
1	201530000	201540000	1	201970000	201980000
8	41990000	42000000	8	42150000	42160000
8	42050000	42060000	8	42140000	42150000
8	42690000	42700000	8	42800000	42810000
8	42690000	42700000	8	43070000	43080000
8	47940000	47950000	8	48920000	48930000
8	48170000	48180000	8	48920000	48930000
8	48310000	48320000	8	48920000	48930000
8	51840000	51850000	8	52400000	52410000
8	52110000	52120000	8	52400000	52410000
8	54450000	54460000	8	56200000	56210000
8	56440000	56450000	8	56780000	56790000
8	56440000	56450000	8	56920000	56930000
8	56990000	57000000	8	58650000	58660000
1	202180000	202190000	1	202710000	202720000
1	202330000	202340000	1	202710000	202720000
8	63030000	63040000	8	63170000	63180000
8	65630000	65640000	8	67060000	67070000
8	65830000	65840000	8	66020000	66030000
8	65840000	65850000	8	65950000	65960000
8	66050000	66060000	8	66420000	66430000
8	66430000	66440000	8	67060000	67070000
1	203300000	203310000	1	204500000	204510000
8	69660000	69670000	8	70660000	70670000
8	69940000	69950000	8	70660000	70670000
8	72310000	72320000	8	73290000	73300000
8	73010000	73020000	8	73290000	73300000
8	73290000	73300000	8	73740000	73750000
8	21920000	21930000	8	22140000	22150000
8	23080000	23090000	8	23410000	23420000
8	23520000	23530000	8	25460000	25470000
1	203860000	203870000	1	204370000	204380000
8	25450000	25460000	8	26290000	26300000
1	203860000	203870000	1	204130000	204140000
8	27310000	27320000	8	27600000	27610000
8	27310000	27320000	8	27760000	27770000
8	27860000	27870000	8	27990000	28000000
1	204160000	204170000	1	204360000	204370000
8	28090000	28100000	8	28880000	28890000
8	28380000	28390000	8	30080000	30090000
8	29330000	29340000	8	30150000	30160000
8	30070000	30080000	8	30150000	30160000
8	30660000	30670000	8	30810000	30820000
8	30910000	30920000	8	31180000	31190000
8	36850000	36860000	8	37840000	37850000
8	73290000	73300000	8	74340000	74350000
8	73740000	73750000	8	74330000	74340000
8	73970000	73980000	8	74330000	74340000
1	204820000	204830000	1	204940000	204950000
8	78510000	78520000	8	80020000	80030000
8	79760000	79770000	8	80020000	80030000
8	85170000	85180000	8	86340000	86350000
8	85230000	85240000	8	86340000	86350000
8	85290000	85300000	8	86090000	86100000
8	86340000	86350000	8	86500000	86510000
8	89720000	89730000	8	89980000	89990000
8	89730000	89740000	8	91070000	91080000
8	89740000	89750000	8	90640000	90650000
8	89840000	89850000	8	89980000	89990000
8	89900000	89910000	8	89980000	89990000
8	89990000	90000000	8	90640000	90650000
1	205790000	205800000	1	206110000	206120000
8	89990000	90000000	8	91070000	91080000
8	90000000	90010000	8	90560000	90570000
8	90640000	90650000	8	91060000	91070000
8	90980000	90990000	8	91070000	91080000
1	206470000	206480000	1	206980000	206990000
8	111960000	111970000	8	113430000	113440000
8	112800000	112810000	8	113430000	113440000
8	116760000	116770000	8	116870000	116880000
1	206610000	206620000	1	206980000	206990000
8	121640000	121650000	8	121820000	121830000
8	121640000	121650000	8	122570000	122580000
8	122780000	122790000	8	124460000	124470000
8	122780000	122790000	8	124640000	124650000
8	123040000	123050000	8	124450000	124460000
8	123260000	123270000	8	124450000	124460000
8	123400000	123410000	8	124450000	124460000
8	127730000	127740000	8	128190000	128200000
8	127730000	127740000	8	129540000	129550000
1	207080000	207090000	1	207400000	207410000
8	127730000	127740000	8	129680000	129690000
8	132050000	132060000	8	132140000	132150000
8	132870000	132880000	8	133190000	133200000
8	133290000	133300000	8	134820000	134830000
8	134910000	134920000	8	135450000	135460000
8	140460000	140470000	8	140630000	140640000
1	208020000	208030000	1	208240000	208250000
8	141500000	141510000	8	142460000	142470000
8	142650000	142660000	8	143040000	143050000
8	142780000	142790000	8	143040000	143050000
8	93730000	93740000	8	94550000	94560000
8	94810000	94820000	8	96160000	96170000
8	94940000	94950000	8	95250000	95260000
8	95890000	95900000	8	96160000	96170000
8	96230000	96240000	8	97550000	97560000
8	96240000	96250000	8	97640000	97650000
8	96240000	96250000	8	98040000	98050000
8	97640000	97650000	8	98040000	98050000
8	98940000	98950000	8	99350000	99360000
8	100140000	100150000	8	100540000	100550000
8	100140000	100150000	8	100820000	100830000
8	100150000	100160000	8	100700000	100710000
8	100150000	100160000	8	100930000	100940000
1	209850000	209860000	1	210320000	210330000
8	100710000	100720000	8	101200000	101210000
8	102650000	102660000	8	102800000	102810000
8	103100000	103110000	8	103370000	103380000
8	106700000	106710000	8	108240000	108250000
8	108240000	108250000	8	108450000	108460000
8	108240000	108250000	8	109320000	109330000
8	108240000	108250000	8	109540000	109550000
8	108440000	108450000	8	109540000	109550000
8	108450000	108460000	8	109330000	109340000
9	68700000	68710000	9	69010000	69020000
1	210410000	210420000	1	211130000	211140000
9	71770000	71780000	9	72360000	72370000
9	71900000	71910000	9	72360000	72370000
1	210580000	210590000	1	211130000	211140000
9	2840000	2850000	9	4730000	4740000
9	4670000	4680000	9	6000000	6010000
9	4750000	4760000	9	5430000	5440000
9	5180000	5190000	9	5590000	5600000
9	6410000	6420000	9	6750000	6760000
1	211320000	211330000	1	211480000	211490000
9	19030000	19040000	9	19450000	19460000
9	19100000	19110000	9	19370000	19380000
1	211670000	211680000	1	212780000	212790000
9	21800000	21810000	9	22030000	22040000
9	32380000	32390000	9	32980000	32990000
1	211680000	211690000	1	212030000	212040000
9	32560000	32570000	9	33260000	33270000
9	74320000	74330000	9	74490000	74500000
9	77170000	77180000	9	77740000	77750000
9	77170000	77180000	9	78030000	78040000
9	77170000	77180000	9	78220000	78230000
9	77170000	77180000	9	78290000	78300000
9	79570000	79580000	9	79690000	79700000
9	79570000	79580000	9	79880000	79890000
9	81100000	81110000	9	81680000	81690000
9	85940000	85950000	9	86270000	86280000
9	88720000	88730000	9	88990000	89000000
9	89600000	89610000	9	89920000	89930000
9	90910000	90920000	9	91950000	91960000
9	91770000	91780000	9	91950000	91960000
9	129130000	129140000	9	129780000	129790000
9	129130000	129140000	9	129620000	129630000
9	129130000	129140000	9	130230000	130240000
9	131590000	131600000	9	131740000	131750000
9	132410000	132420000	9	132570000	132580000
9	132410000	132420000	9	132790000	132800000
9	133780000	133790000	9	133990000	134000000
9	135080000	135090000	9	135410000	135420000
9	135960000	135970000	9	136120000	136130000
9	136480000	136490000	9	136630000	136640000
9	136780000	136790000	9	137050000	137060000
9	136780000	136790000	9	137230000	137240000
9	137040000	137050000	9	137230000	137240000
9	137300000	137310000	9	137400000	137410000
9	93130000	93140000	9	93560000	93570000
9	96320000	96330000	9	96650000	96660000
9	96860000	96870000	9	98250000	98260000
9	97920000	97930000	9	98260000	98270000
9	97920000	97930000	9	98780000	98790000
9	99820000	99830000	9	99900000	99910000
9	101390000	101400000	9	101530000	101540000
9	113270000	113280000	9	113650000	113660000
9	113290000	113300000	9	113400000	113410000
9	114410000	114420000	9	114650000	114660000
9	116150000	116160000	9	116570000	116580000
9	116150000	116160000	9	116650000	116660000
9	117640000	117650000	9	119360000	119370000
9	122220000	122230000	9	124010000	124020000
9	122460000	122470000	9	122800000	122810000
9	124770000	124780000	9	124850000	124860000
9	124770000	124780000	9	125370000	125380000
9	126930000	126940000	9	127450000	127460000
9	126930000	126940000	9	127730000	127740000
9	127220000	127230000	9	127910000	127920000
9	127780000	127790000	9	127900000	127910000
10	920000	930000	10	1050000	1060000
10	4820000	4830000	10	5420000	5430000
10	4820000	4830000	10	5620000	5630000
10	6910000	6920000	10	7410000	7420000
10	7810000	7820000	10	9300000	9310000
10	14190000	14200000	10	14830000	14840000
10	14510000	14520000	10	14830000	14840000
10	17610000	17620000	10	17730000	17740000
10	43410000	43420000	10	44970000	44980000
10	43670000	43680000	10	44970000	44980000
10	43670000	43680000	10	44380000	44390000
10	46030000	46040000	10	47300000	47310000
10	46290000	46300000	10	47380000	47390000
10	48680000	48690000	10	50610000	50620000
1	18900000	18910000	1	19090000	19100000
10	49600000	49610000	10	49760000	49770000
10	50990000	51000000	10	52770000	52780000
10	52300000	52310000	10	52770000	52780000
10	52310000	52320000	10	52480000	52490000
10	52640000	52650000	10	52770000	52780000
10	58180000	58190000	10	58380000	58390000
10	62260000	62270000	10	63150000	63160000
10	62620000	62630000	10	62810000	62820000
10	69410000	69420000	10	69630000	69640000
10	69510000	69520000	10	69630000	69640000
10	70210000	70220000	10	70880000	70890000
10	70450000	70460000	10	70880000	70890000
10	71310000	71320000	10	71700000	71710000
10	71310000	71320000	10	71810000	71820000
10	71310000	71320000	10	71890000	71900000
10	21510000	21520000	10	22710000	22720000
10	22000000	22010000	10	22230000	22240000
10	22000000	22010000	10	22320000	22330000
10	22240000	22250000	10	22320000	22330000
10	23440000	23450000	10	25010000	25020000
10	24720000	24730000	10	26440000	26450000
10	25010000	25020000	10	25700000	25710000
10	27240000	27250000	10	28530000	28540000
10	33330000	33340000	10	34630000	34640000
10	35120000	35130000	10	35210000	35220000
1	168430000	168440000	1	168570000	168580000
10	74240000	74250000	10	75230000	75240000
10	74250000	74260000	10	75090000	75100000
10	75110000	75120000	10	75220000	75230000
10	77160000	77170000	10	78020000	78030000
10	77390000	77400000	10	77630000	77640000
10	78030000	78040000	10	79330000	79340000
10	78030000	78040000	10	79450000	79460000
1	169360000	169370000	1	169790000	169800000
10	80540000	80550000	10	81870000	81880000
10	85910000	85920000	10	86360000	86370000
10	87650000	87660000	10	88550000	88560000
10	87860000	87870000	10	88390000	88400000
10	89250000	89260000	10	89560000	89570000
1	169590000	169600000	1	169710000	169720000
10	90880000	90890000	10	91630000	91640000
1	169890000	169900000	1	170530000	170540000
10	92880000	92890000	10	93490000	93500000
1	169900000	169910000	1	171480000	171490000
10	95690000	95700000	10	95840000	95850000
10	96640000	96650000	10	96830000	96840000
10	97680000	97690000	10	98040000	98050000
10	101210000	101220000	10	101770000	101780000
10	102140000	102150000	10	103360000	103370000
10	102830000	102840000	10	103330000	103340000
10	103900000	103910000	10	104120000	104130000
10	110300000	110310000	10	110890000	110900000
10	110310000	110320000	10	110560000	110570000
10	118750000	118760000	10	119720000	119730000
10	119200000	119210000	10	119420000	119430000
10	123130000	123140000	10	123550000	123560000
10	123130000	123140000	10	123970000	123980000
10	123140000	123150000	10	124440000	124450000
10	123140000	123150000	10	124620000	124630000
10	123140000	123150000	10	124730000	124740000
10	123150000	123160000	10	124790000	124800000
10	124530000	124540000	10	124740000	124750000
1	172440000	172450000	1	172710000	172720000
10	127900000	127910000	10	128000000	128010000
10	127900000	127910000	10	128140000	128150000
10	128260000	128270000	10	129960000	129970000
10	129030000	129040000	10	129960000	129970000
10	129030000	129040000	10	130130000	130140000
10	129040000	129050000	10	129460000	129470000
10	129970000	129980000	10	130110000	130120000
11	41450000	41460000	11	42530000	42540000
1	172740000	172750000	1	173200000	173210000
11	630000	640000	11	2390000	2400000
11	820000	830000	11	2380000	2390000
11	2030000	2040000	11	2140000	2150000
11	2180000	2190000	11	2900000	2910000
1	172740000	172750000	1	173820000	173830000
11	3840000	3850000	11	4070000	4080000
11	4630000	4640000	11	5000000	5010000
11	6380000	6390000	11	6490000	6500000
1	173410000	173420000	1	174990000	175000000
11	6600000	6610000	11	6680000	6690000
11	7100000	7110000	11	7980000	7990000
1	173420000	173430000	1	173820000	173830000
11	9590000	9600000	11	10300000	10310000
11	13460000	13470000	11	14500000	14510000
11	14520000	14530000	11	14890000	14900000
11	14890000	14900000	11	16600000	16610000
11	17380000	17390000	11	17500000	17510000
11	17730000	17740000	11	17970000	17980000
11	18540000	18550000	11	18720000	18730000
11	57340000	57350000	11	57530000	57540000
11	57330000	57340000	11	57650000	57660000
11	57330000	57340000	11	59140000	59150000
11	57560000	57570000	11	57640000	57650000
11	57660000	57670000	11	59140000	59150000
11	58570000	58580000	11	59140000	59150000
11	59180000	59190000	11	59420000	59430000
11	59270000	59280000	11	59420000	59430000
11	61790000	61800000	11	62110000	62120000
11	63760000	63770000	11	64150000	64160000
11	69290000	69300000	11	69640000	69650000
1	174780000	174790000	1	176200000	176210000
11	69700000	69710000	11	70190000	70200000
11	72470000	72480000	11	72670000	72680000
11	19240000	19250000	11	20380000	20390000
1	175010000	175020000	1	176200000	176210000
11	22330000	22340000	11	22780000	22790000
1	175020000	175030000	1	176080000	176090000
11	27360000	27370000	11	27490000	27500000
11	31810000	31820000	11	32430000	32440000
11	32320000	32330000	11	32790000	32800000
11	33160000	33170000	11	33330000	33340000
11	33160000	33170000	11	33740000	33750000
11	34170000	34180000	11	34350000	34360000
11	34510000	34520000	11	35390000	35400000
11	35610000	35620000	11	36130000	36140000
11	35610000	35620000	11	36260000	36270000
11	35610000	35620000	11	36490000	36500000
11	36290000	36300000	11	36480000	36490000
11	74930000	74940000	11	75240000	75250000
11	75020000	75030000	11	75240000	75250000
11	77120000	77130000	11	77540000	77550000
11	78410000	78420000	11	78560000	78570000
11	82900000	82910000	11	83170000	83180000
11	83070000	83080000	11	83160000	83170000
11	85850000	85860000	11	86290000	86300000
11	86030000	86040000	11	86240000	86250000
11	128030000	128040000	11	128860000	128870000
11	130000000	130010000	11	130900000	130910000
11	130310000	130320000	11	130870000	130880000
11	130440000	130450000	11	130850000	130860000
1	175470000	175480000	1	175740000	175750000
11	111290000	111300000	11	111420000	111430000
11	112220000	112230000	11	113780000	113790000
11	113770000	113780000	11	114410000	114420000
11	113870000	113880000	11	114400000	114410000
11	117820000	117830000	11	117940000	117950000
11	118190000	118200000	11	118350000	118360000
11	118680000	118690000	11	118950000	118960000
11	120510000	120520000	11	120930000	120940000
11	122650000	122660000	11	122750000	122760000
11	124660000	124670000	11	124760000	124770000
11	124660000	124670000	11	125880000	125890000
11	124750000	124760000	11	125880000	125890000
11	125100000	125110000	11	125880000	125890000
11	125570000	125580000	11	125880000	125890000
11	125910000	125920000	11	126260000	126270000
11	126300000	126310000	11	126470000	126480000
11	126300000	126310000	11	126990000	127000000
11	93660000	93670000	11	94500000	94510000
11	93730000	93740000	11	94490000	94500000
11	93790000	93800000	11	94490000	94500000
11	94170000	94180000	11	94490000	94500000
11	94970000	94980000	11	95770000	95780000
11	95060000	95070000	11	96410000	96420000
11	95070000	95080000	11	95780000	95790000
11	106080000	106090000	11	107450000	107460000
11	106080000	106090000	11	107560000	107570000
11	107560000	107570000	11	107680000	107690000
11	107560000	107570000	11	108650000	108660000
11	108000000	108010000	11	108650000	108660000
11	108120000	108130000	11	108650000	108660000
11	108220000	108230000	11	108470000	108480000
11	108220000	108230000	11	108650000	108660000
1	178310000	178320000	1	178510000	178520000
12	560000	570000	12	1590000	1600000
12	2050000	2060000	12	2580000	2590000
12	3070000	3080000	12	3270000	3280000
12	3990000	4000000	12	4270000	4280000
12	6420000	6430000	12	6530000	6540000
12	6930000	6940000	12	7100000	7110000
12	8660000	8670000	12	9040000	9050000
12	12360000	12370000	12	12710000	12720000
12	13000000	13010000	12	13200000	13210000
12	13100000	13110000	12	13190000	13200000
12	14380000	14390000	12	15880000	15890000
12	14780000	14790000	12	15880000	15890000
12	14840000	14850000	12	14990000	15000000
12	14840000	14850000	12	15510000	15520000
12	14950000	14960000	12	15880000	15890000
12	56200000	56210000	12	56460000	56470000
12	56300000	56310000	12	56460000	56470000
12	56750000	56760000	12	57060000	57070000
12	57940000	57950000	12	59590000	59600000
1	179080000	179090000	1	179360000	179370000
12	66130000	66140000	12	66300000	66310000
12	67260000	67270000	12	68930000	68940000
12	68220000	68230000	12	68310000	68320000
12	68340000	68350000	12	68680000	68690000
12	68350000	68360000	12	68610000	68620000
12	71650000	71660000	12	71750000	71760000
12	71770000	71780000	12	71930000	71940000
1	179870000	179880000	1	181100000	181110000
12	45980000	45990000	12	46370000	46380000
12	47960000	47970000	12	48170000	48180000
12	49360000	49370000	12	49510000	49520000
12	49960000	49970000	12	50060000	50070000
12	50500000	50510000	12	50630000	50640000
12	50500000	50510000	12	51350000	51360000
12	50760000	50770000	12	51340000	51350000
12	50820000	50830000	12	51340000	51350000
12	51030000	51040000	12	51340000	51350000
12	51260000	51270000	12	51340000	51350000
12	51420000	51430000	12	51870000	51880000
12	52050000	52060000	12	53000000	53010000
12	52150000	52160000	12	52320000	52330000
1	180510000	180520000	1	181030000	181040000
12	54000000	54010000	12	54200000	54210000
12	54240000	54250000	12	54360000	54370000
12	55730000	55740000	12	55930000	55940000
12	55810000	55820000	12	55930000	55940000
12	21490000	21500000	12	21650000	21660000
12	26110000	26120000	12	27010000	27020000
12	27020000	27030000	12	27300000	27310000
12	74690000	74700000	12	76030000	76040000
1	181030000	181040000	1	181140000	181150000
12	75330000	75340000	12	75500000	75510000
12	75330000	75340000	12	76030000	76040000
12	75330000	75340000	12	76560000	76570000
1	218300000	218310000	1	220090000	220100000
12	84870000	84880000	12	85030000	85040000
12	88030000	88040000	12	88140000	88150000
12	88130000	88140000	12	89350000	89360000
12	89020000	89030000	12	89520000	89530000
12	110450000	110460000	12	110590000	110600000
12	110450000	110460000	12	110880000	110890000
12	110610000	110620000	12	110700000	110710000
12	113050000	113060000	12	113170000	113180000
1	218340000	218350000	1	219170000	219180000
12	117360000	117370000	12	117830000	117840000
1	218340000	218350000	1	218510000	218520000
12	117870000	117880000	12	118370000	118380000
12	118120000	118130000	12	118370000	118380000
12	118180000	118190000	12	118370000	118380000
12	120580000	120590000	12	120970000	120980000
12	120580000	120590000	12	121100000	121110000
12	121800000	121810000	12	122010000	122020000
12	121910000	121920000	12	122030000	122040000
1	22120000	22130000	1	22640000	22650000
1	219990000	220000000	1	220780000	220790000
12	122970000	122980000	12	123230000	123240000
12	123270000	123280000	12	123600000	123610000
12	125180000	125190000	12	126870000	126880000
12	92140000	92150000	12	92570000	92580000
1	220190000	220200000	1	220780000	220790000
12	93450000	93460000	12	95210000	95220000
12	93570000	93580000	12	93740000	93750000
12	94140000	94150000	12	94440000	94450000
12	94140000	94150000	12	94990000	95000000
12	99810000	99820000	12	100200000	100210000
12	101410000	101420000	12	101830000	101840000
1	220870000	220880000	1	221430000	221440000
12	101930000	101940000	12	102480000	102490000
12	102950000	102960000	12	103540000	103550000
12	104210000	104220000	12	104290000	104300000
12	105410000	105420000	12	106350000	106360000
12	105420000	105430000	12	106130000	106140000
12	107680000	107690000	12	108520000	108530000
12	107760000	107770000	12	108510000	108520000
12	108540000	108550000	12	109090000	109100000
12	108660000	108670000	12	109090000	109100000
12	128260000	128270000	12	128380000	128390000
12	128260000	128270000	12	130010000	130020000
12	128640000	128650000	12	129900000	129910000
12	128970000	128980000	12	129900000	129910000
12	130040000	130050000	12	130330000	130340000
13	57630000	57640000	13	58960000	58970000
13	65650000	65660000	13	67230000	67240000
13	70100000	70110000	13	70560000	70570000
13	36990000	37000000	13	38350000	38360000
1	222640000	222650000	1	224430000	224440000
13	37100000	37110000	13	38520000	38530000
13	39040000	39050000	13	40770000	40780000
13	39680000	39690000	13	40770000	40780000
13	40780000	40790000	13	42270000	42280000
1	222730000	222740000	1	223090000	223100000
13	42590000	42600000	13	43870000	43880000
13	42970000	42980000	13	43870000	43880000
13	43080000	43090000	13	43870000	43880000
13	43890000	43900000	13	45410000	45420000
13	44570000	44580000	13	45320000	45330000
13	48230000	48240000	13	48310000	48320000
1	223700000	223710000	1	224330000	224340000
13	50120000	50130000	13	50900000	50910000
13	50810000	50820000	13	50900000	50910000
1	23090000	23100000	1	23180000	23190000
13	51430000	51440000	13	52150000	52160000
13	51450000	51460000	13	51580000	51590000
13	52650000	52660000	13	53150000	53160000
13	20190000	20200000	13	20480000	20490000
1	223700000	223710000	1	224920000	224930000
1	224110000	224120000	1	224330000	224340000
13	23380000	23390000	13	23880000	23890000
13	25290000	25300000	13	27250000	27260000
1	224110000	224120000	1	224450000	224460000
13	26970000	26980000	13	27980000	27990000
13	27360000	27370000	13	27980000	27990000
13	27430000	27440000	13	28650000	28660000
1	224430000	224440000	1	225980000	225990000
13	28320000	28330000	13	28650000	28660000
13	31430000	31440000	13	31730000	31740000
1	224510000	224520000	1	224920000	224930000
13	32310000	32320000	13	33540000	33550000
13	32320000	32330000	13	32420000	32430000
13	32420000	32430000	13	33540000	33550000
13	32580000	32590000	13	33540000	33550000
13	32580000	32590000	13	33720000	33730000
13	36340000	36350000	13	36980000	36990000
13	36430000	36440000	13	36730000	36740000
13	75370000	75380000	13	75480000	75490000
13	75370000	75380000	13	75540000	75550000
13	75540000	75550000	13	76990000	77000000
13	76880000	76890000	13	77700000	77710000
1	23550000	23560000	1	23630000	23640000
13	94440000	94450000	13	94600000	94610000
1	225480000	225490000	1	225770000	225780000
13	95190000	95200000	13	95670000	95680000
13	95670000	95680000	13	97430000	97440000
13	97430000	97440000	13	97970000	97980000
13	97430000	97440000	13	98840000	98850000
1	226540000	226550000	1	227440000	227450000
13	100670000	100680000	13	102590000	102600000
13	102590000	102600000	13	102770000	102780000
13	106560000	106570000	13	106680000	106690000
13	109140000	109150000	13	109780000	109790000
13	109780000	109790000	13	110110000	110120000
13	110910000	110920000	13	111210000	111220000
13	111510000	111520000	13	112060000	112070000
14	20320000	20330000	14	20680000	20690000
14	21010000	21020000	14	21100000	21110000
14	21240000	21250000	14	21380000	21390000
14	22070000	22080000	14	23400000	23410000
14	22570000	22580000	14	22980000	22990000
14	23300000	23310000	14	24130000	24140000
14	23320000	23330000	14	23550000	23560000
14	24230000	24240000	14	24430000	24440000
14	24330000	24340000	14	24430000	24440000
14	32070000	32080000	14	32210000	32220000
14	36510000	36520000	14	36660000	36670000
14	39100000	39110000	14	39430000	39440000
14	39170000	39180000	14	39270000	39280000
14	39170000	39180000	14	39420000	39430000
14	39980000	39990000	14	41600000	41610000
14	45130000	45140000	14	45240000	45250000
14	47350000	47360000	14	47670000	47680000
14	49620000	49630000	14	50110000	50120000
14	49630000	49640000	14	49770000	49780000
14	49860000	49870000	14	50530000	50540000
14	50120000	50130000	14	50530000	50540000
14	52820000	52830000	14	52950000	52960000
14	54560000	54570000	14	54780000	54790000
14	54560000	54570000	14	54890000	54900000
14	55440000	55450000	14	56470000	56480000
14	55440000	55450000	14	57310000	57320000
14	58290000	58300000	14	59470000	59480000
14	58630000	58640000	14	59460000	59470000
14	61280000	61290000	14	61830000	61840000
1	231420000	231430000	1	231530000	231540000
14	65410000	65420000	14	65950000	65960000
14	66360000	66370000	14	67700000	67710000
14	69150000	69160000	14	70360000	70370000
14	69240000	69250000	14	69570000	69580000
1	232630000	232640000	1	232940000	232950000
14	70620000	70630000	14	70800000	70810000
1	232630000	232640000	1	233240000	233250000
14	73760000	73770000	14	75270000	75280000
14	74340000	74350000	14	74800000	74810000
14	75120000	75130000	14	75490000	75500000
14	75710000	75720000	14	75980000	75990000
14	77420000	77430000	14	78590000	78600000
14	80940000	80950000	14	81200000	81210000
14	80950000	80960000	14	81460000	81470000
14	92120000	92130000	14	92790000	92800000
14	95530000	95540000	14	96360000	96370000
14	100270000	100280000	14	100370000	100380000
14	100900000	100910000	14	101630000	101640000
14	101960000	101970000	14	102310000	102320000
14	102060000	102070000	14	102310000	102320000
14	102690000	102700000	14	103080000	103090000
14	103090000	103100000	14	103290000	103300000
14	105300000	105310000	14	106550000	106560000
15	25500000	25510000	15	26860000	26870000
15	25690000	25700000	15	26860000	26870000
15	34040000	34050000	15	34210000	34220000
15	34100000	34110000	15	34210000	34220000
15	34220000	34230000	15	34970000	34980000
15	34340000	34350000	15	34970000	34980000
15	36880000	36890000	15	37100000	37110000
15	38560000	38570000	15	38670000	38680000
15	41770000	41780000	15	41900000	41910000
15	44580000	44590000	15	45110000	45120000
15	48850000	48860000	15	49420000	49430000
15	50680000	50690000	15	50890000	50900000
15	53960000	53970000	15	55280000	55290000
15	60470000	60480000	15	62050000	62060000
15	61870000	61880000	15	62060000	62070000
15	61960000	61970000	15	62060000	62070000
15	65040000	65050000	15	65290000	65300000
15	65180000	65190000	15	65290000	65300000
15	65600000	65610000	15	66290000	66300000
15	65590000	65600000	15	66500000	66510000
15	66370000	66380000	15	66490000	66500000
1	236600000	236610000	1	237560000	237570000
15	71110000	71120000	15	71430000	71440000
15	72310000	72320000	15	73070000	73080000
15	92800000	92810000	15	92900000	92910000
15	93080000	93090000	15	93980000	93990000
15	95260000	95270000	15	96330000	96340000
15	98640000	98650000	15	98850000	98860000
15	99260000	99270000	15	100340000	100350000
15	99260000	99270000	15	100870000	100880000
15	100910000	100920000	15	101000000	101010000
15	101090000	101100000	15	101250000	101260000
15	101290000	101300000	15	101640000	101650000
15	75030000	75040000	15	75200000	75210000
15	78110000	78120000	15	78230000	78240000
15	80450000	80460000	15	80770000	80780000
15	80560000	80570000	15	80770000	80780000
15	88250000	88260000	15	88440000	88450000
15	88620000	88630000	15	88900000	88910000
15	88620000	88630000	15	89170000	89180000
15	89750000	89760000	15	89870000	89880000
15	89890000	89900000	15	90070000	90080000
15	90640000	90650000	15	90880000	90890000
15	90950000	90960000	15	91270000	91280000
1	241520000	241530000	1	241840000	241850000
16	22000000	22010000	16	22180000	22190000
16	21980000	21990000	16	22290000	22300000
1	241530000	241540000	1	242010000	242020000
16	30430000	30440000	16	30620000	30630000
16	30980000	30990000	16	31440000	31450000
16	30980000	30990000	16	31860000	31870000
16	31470000	31480000	16	31700000	31710000
1	241520000	241530000	1	243250000	243260000
16	46680000	46690000	16	46810000	46820000
16	47030000	47040000	16	48150000	48160000
16	47130000	47140000	16	48150000	48160000
16	48240000	48250000	16	48620000	48630000
1	241530000	241540000	1	241620000	241630000
16	50350000	50360000	16	50740000	50750000
1	241620000	241630000	1	241840000	241850000
16	53050000	53060000	16	53140000	53150000
16	53050000	53060000	16	53210000	53220000
16	53530000	53540000	16	54930000	54940000
16	54280000	54290000	16	54930000	54940000
16	54370000	54380000	16	54930000	54940000
1	241630000	241640000	1	243250000	243260000
16	220000	230000	16	350000	360000
16	1990000	2000000	16	2510000	2520000
16	8570000	8580000	16	8880000	8890000
16	8660000	8670000	16	8790000	8800000
16	8660000	8670000	16	8880000	8890000
16	10960000	10970000	16	11520000	11530000
16	10970000	10980000	16	11250000	11260000
16	13920000	13930000	16	14280000	14290000
16	13920000	13930000	16	14600000	14610000
16	19070000	19080000	16	19710000	19720000
16	55470000	55480000	16	56690000	56700000
16	56960000	56970000	16	57040000	57050000
16	56960000	56970000	16	57160000	57170000
16	57570000	57580000	16	58000000	58010000
16	58510000	58520000	16	58750000	58760000
16	66960000	66970000	16	67170000	67180000
16	67520000	67530000	16	67650000	67660000
16	67880000	67890000	16	68220000	68230000
16	68530000	68540000	16	69120000	69130000
16	68530000	68540000	16	69290000	69300000
16	69390000	69400000	16	69750000	69760000
16	69790000	69800000	16	70640000	70650000
1	243250000	243260000	1	244650000	244660000
16	71750000	71760000	16	72090000	72100000
16	74700000	74710000	16	75400000	75410000
1	243250000	243260000	1	244840000	244850000
16	75210000	75220000	16	75390000	75400000
16	75210000	75220000	16	75760000	75770000
16	75490000	75500000	16	77190000	77200000
16	75560000	75570000	16	77190000	77200000
16	75640000	75650000	16	77190000	77200000
16	77220000	77230000	16	78090000	78100000
16	77670000	77680000	16	78090000	78100000
16	78110000	78120000	16	79600000	79610000
1	25500000	25510000	1	25800000	25810000
16	83950000	83960000	16	84060000	84070000
16	83950000	83960000	16	84490000	84500000
16	86060000	86070000	16	86510000	86520000
16	86560000	86570000	16	87060000	87070000
16	86560000	86570000	16	87280000	87290000
16	86560000	86570000	16	87380000	87390000
16	86560000	86570000	16	87630000	87640000
16	88450000	88460000	16	89190000	89200000
16	88730000	88740000	16	89210000	89220000
17	410000	420000	17	690000	700000
17	2050000	2060000	17	2240000	2250000
17	3840000	3850000	17	4070000	4080000
17	4560000	4570000	17	4880000	4890000
17	4710000	4720000	17	4880000	4890000
17	5240000	5250000	17	6430000	6440000
17	5580000	5590000	17	6420000	6430000
17	6650000	6660000	17	7010000	7020000
17	7030000	7040000	17	7570000	7580000
17	7230000	7240000	17	7840000	7850000
17	8070000	8080000	17	8740000	8750000
17	8400000	8410000	17	8740000	8750000
17	12010000	12020000	17	13010000	13020000
17	38980000	38990000	17	39160000	39170000
17	40010000	40020000	17	40170000	40180000
17	40010000	40020000	17	40280000	40290000
17	40310000	40320000	17	41680000	41690000
17	40410000	40420000	17	41670000	41680000
17	40560000	40570000	17	41670000	41680000
17	41960000	41970000	17	42110000	42120000
1	245150000	245160000	1	246000000	246010000
17	44200000	44210000	17	44340000	44350000
17	45200000	45210000	17	45840000	45850000
17	48020000	48030000	17	48610000	48620000
17	48330000	48340000	17	48590000	48600000
17	49560000	49570000	17	49990000	50000000
17	49570000	49580000	17	49690000	49700000
17	49860000	49870000	17	49990000	50000000
17	51000000	51010000	17	51150000	51160000
1	245150000	245160000	1	246450000	246460000
17	55530000	55540000	17	55720000	55730000
17	56590000	56600000	17	56780000	56790000
17	57120000	57130000	17	58000000	58010000
17	62700000	62710000	17	62960000	62970000
17	63420000	63430000	17	63600000	63610000
17	63840000	63850000	17	64490000	64500000
17	67370000	67380000	17	67690000	67700000
17	68050000	68060000	17	68450000	68460000
17	68170000	68180000	17	68450000	68460000
17	72730000	72740000	17	73190000	73200000
17	72980000	72990000	17	73160000	73170000
17	29580000	29590000	17	30100000	30110000
17	29620000	29630000	17	30090000	30100000
17	31390000	31400000	17	31840000	31850000
17	34420000	34430000	17	35120000	35130000
1	247940000	247950000	1	248700000	248710000
17	34540000	34550000	17	35120000	35130000
17	35160000	35170000	17	35530000	35540000
17	35310000	35320000	17	35530000	35540000
17	36610000	36620000	17	37370000	37380000
17	74210000	74220000	17	74450000	74460000
17	74210000	74220000	17	74520000	74530000
17	75310000	75320000	17	75400000	75410000
17	75630000	75640000	17	75740000	75750000
17	75770000	75780000	17	76730000	76740000
17	76000000	76010000	17	76290000	76300000
17	76860000	76870000	17	77060000	77070000
17	78860000	78870000	17	78970000	78980000
17	79020000	79030000	17	79710000	79720000
18	2770000	2780000	18	3240000	3250000
18	2920000	2930000	18	3450000	3460000
18	2990000	3000000	18	3240000	3250000
18	3280000	3290000	18	3450000	3460000
18	3450000	3460000	18	3590000	3600000
18	8610000	8620000	18	9910000	9920000
18	9100000	9110000	18	10530000	10540000
18	9110000	9120000	18	9910000	9920000
18	9970000	9980000	18	10520000	10530000
18	12700000	12710000	18	13730000	13740000
18	42050000	42060000	18	43270000	43280000
18	42110000	42120000	18	43270000	43280000
18	42290000	42300000	18	43270000	43280000
18	42590000	42600000	18	43270000	43280000
2	1720000	1730000	2	3650000	3660000
18	45670000	45680000	18	46070000	46080000
18	46150000	46160000	18	46650000	46660000
18	49480000	49490000	18	50280000	50290000
18	50810000	50820000	18	51190000	51200000
18	50820000	50830000	18	51040000	51050000
2	1850000	1860000	2	3650000	3660000
2	3130000	3140000	2	3650000	3660000
18	56640000	56650000	18	57620000	57630000
18	57620000	57630000	18	58040000	58050000
18	58040000	58050000	18	58760000	58770000
18	59310000	59320000	18	59810000	59820000
2	3250000	3260000	2	3650000	3660000
18	62180000	62190000	18	62980000	62990000
18	62180000	62190000	18	63430000	63440000
18	62710000	62720000	18	62960000	62970000
18	62710000	62720000	18	63430000	63440000
18	63130000	63140000	18	63310000	63320000
18	68710000	68720000	18	70200000	70210000
18	68710000	68720000	18	70430000	70440000
18	70200000	70210000	18	70290000	70300000
18	21600000	21610000	18	23450000	23460000
18	22800000	22810000	18	23500000	23510000
18	23130000	23140000	18	23370000	23380000
18	24400000	24410000	18	25350000	25360000
18	26540000	26550000	18	28170000	28180000
18	35240000	35250000	18	36820000	36830000
2	7420000	7430000	2	8680000	8690000
18	74600000	74610000	18	76490000	76500000
18	79380000	79390000	18	79960000	79970000
19	8650000	8660000	19	9080000	9090000
19	9620000	9630000	19	9790000	9800000
19	9930000	9940000	19	10250000	10260000
19	9930000	9940000	19	10380000	10390000
19	10260000	10270000	19	10380000	10390000
19	13590000	13600000	19	14470000	14480000
19	13880000	13890000	19	14070000	14080000
19	15080000	15090000	19	15560000	15570000
2	9810000	9820000	2	10040000	10050000
19	15620000	15630000	19	16170000	16180000
19	17430000	17440000	19	17850000	17860000
19	17440000	17450000	19	17770000	17780000
19	18270000	18280000	19	18410000	18420000
19	19530000	19540000	19	19640000	19650000
19	19530000	19540000	19	19950000	19960000
19	37900000	37910000	19	38230000	38240000
19	38400000	38410000	19	38930000	38940000
19	39120000	39130000	19	39320000	39330000
19	41440000	41450000	19	41570000	41580000
19	41860000	41870000	19	41940000	41950000
19	42110000	42120000	19	42300000	42310000
19	46020000	46030000	19	46260000	46270000
19	46280000	46290000	19	46490000	46500000
19	48620000	48630000	19	49660000	49670000
19	50350000	50360000	19	50780000	50790000
19	50360000	50370000	19	50470000	50480000
19	50530000	50540000	19	50780000	50790000
19	54480000	54490000	19	54660000	54670000
19	29600000	29610000	19	29870000	29880000
19	33130000	33140000	19	33400000	33410000
2	10440000	10450000	2	10660000	10670000
19	35350000	35360000	19	35470000	35480000
20	350000	360000	20	650000	660000
20	810000	820000	20	1200000	1210000
20	1120000	1130000	20	1460000	1470000
20	1460000	1470000	20	2460000	2470000
20	2200000	2210000	20	2450000	2460000
20	3560000	3570000	20	3710000	3720000
20	4110000	4120000	20	4720000	4730000
20	4610000	4620000	20	4720000	4730000
2	11130000	11140000	2	11450000	11460000
20	6760000	6770000	20	8720000	8730000
20	10040000	10050000	20	10670000	10680000
20	12930000	12940000	20	13780000	13790000
20	14330000	14340000	20	15920000	15930000
20	20360000	20370000	20	21510000	21520000
20	21390000	21400000	20	22570000	22580000
20	21510000	21520000	20	22570000	22580000
20	21700000	21710000	20	22570000	22580000
20	24990000	25000000	20	25180000	25190000
20	25290000	25300000	20	25400000	25410000
20	34540000	34550000	20	34700000	34710000
2	11830000	11840000	2	12710000	12720000
20	54670000	54680000	20	56240000	56250000
20	56390000	56400000	20	56470000	56480000
20	57390000	57400000	20	57480000	57490000
20	57390000	57400000	20	58890000	58900000
2	12040000	12050000	2	12710000	12720000
20	59950000	59960000	20	61250000	61260000
20	59950000	59960000	20	61890000	61900000
20	62010000	62020000	20	62380000	62390000
20	62180000	62190000	20	62380000	62390000
20	62300000	62310000	20	62380000	62390000
20	62400000	62410000	20	62800000	62810000
20	62500000	62510000	20	62790000	62800000
20	62660000	62670000	20	62790000	62800000
20	63540000	63550000	20	63960000	63970000
20	38640000	38650000	20	38740000	38750000
20	38800000	38810000	20	38880000	38890000
20	41130000	41140000	20	41330000	41340000
20	41740000	41750000	20	43180000	43190000
20	43450000	43460000	20	43680000	43690000
20	43450000	43460000	20	44080000	44090000
20	43450000	43460000	20	44190000	44200000
20	44210000	44220000	20	44600000	44610000
20	44210000	44220000	20	44870000	44880000
1	28360000	28370000	1	28870000	28880000
20	45360000	45370000	20	45430000	45440000
20	46120000	46130000	20	46680000	46690000
20	46520000	46530000	20	46680000	46690000
20	47780000	47790000	20	48610000	48620000
20	50190000	50200000	20	50450000	50460000
20	50800000	50810000	20	50930000	50940000
20	53570000	53580000	20	54200000	54210000
20	53590000	53600000	20	53730000	53740000
2	16640000	16650000	2	17810000	17820000
21	14380000	14390000	21	15050000	15060000
21	44330000	44340000	21	44790000	44800000
21	30330000	30340000	21	31600000	31610000
21	30340000	30350000	21	31070000	31080000
21	36140000	36150000	21	36320000	36330000
22	17080000	17090000	22	18100000	18110000
22	38050000	38060000	22	38570000	38580000
22	39160000	39170000	22	39310000	39320000
22	39530000	39540000	22	40340000	40350000
22	40920000	40930000	22	41240000	41250000
22	41680000	41690000	22	41930000	41940000
22	45570000	45580000	22	45970000	45980000
22	45640000	45650000	22	45970000	45980000
22	50250000	50260000	22	50610000	50620000
22	24420000	24430000	22	24510000	24520000
22	24940000	24950000	22	25040000	25050000
22	25210000	25220000	22	26340000	26350000
22	26680000	26690000	22	27800000	27810000
22	27400000	27410000	22	27800000	27810000
22	29620000	29630000	22	30080000	30090000
22	30100000	30110000	22	30260000	30270000
22	30280000	30290000	22	30380000	30390000
22	31660000	31670000	22	31950000	31960000
1	6240000	6250000	1	6410000	6420000
22	36540000	36550000	22	36770000	36780000
X	55140000	55150000	X	56720000	56730000
2	20660000	20670000	2	20960000	20970000
X	55900000	55910000	X	56230000	56240000
X	56270000	56280000	X	56720000	56730000
X	63750000	63760000	X	65530000	65540000
X	64200000	64210000	X	65530000	65540000
X	68820000	68830000	X	69220000	69230000
X	68820000	68830000	X	69280000	69290000
X	68820000	68830000	X	69380000	69390000
2	20660000	20670000	2	21120000	21130000
X	38800000	38810000	X	38880000	38890000
2	21040000	21050000	2	21310000	21320000
X	44870000	44880000	X	45050000	45060000
X	6020000	6030000	X	7920000	7930000
2	23820000	23830000	2	24070000	24080000
X	7990000	8000000	X	8730000	8740000
X	11530000	11540000	X	12900000	12910000
X	12800000	12810000	X	14020000	14030000
X	13660000	13670000	X	14020000	14030000
X	13750000	13760000	X	14020000	14030000
2	24970000	24980000	2	25200000	25210000
X	15330000	15340000	X	16690000	16700000
X	15670000	15680000	X	16700000	16710000
X	21980000	21990000	X	23900000	23910000
X	23680000	23690000	X	24050000	24060000
X	30570000	30580000	X	30880000	30890000
X	103680000	103690000	X	104130000	104140000
X	103830000	103840000	X	104140000	104150000
2	26960000	26970000	2	27280000	27290000
X	129610000	129620000	X	129900000	129910000
X	129920000	129930000	X	130900000	130910000
2	27090000	27100000	2	27280000	27290000
X	131840000	131850000	X	132210000	132220000
X	136010000	136020000	X	136250000	136260000
X	78130000	78140000	X	79430000	79440000
X	109730000	109740000	X	110310000	110320000
X	119500000	119510000	X	119750000	119760000
X	150780000	150790000	X	152630000	152640000
X	151150000	151160000	X	152630000	152640000
X	151750000	151760000	X	152630000	152640000
X	152950000	152960000	X	153670000	153680000
X	152970000	152980000	X	154480000	154490000
2	30140000	30150000	2	32040000	32050000
1	29230000	29240000	1	30700000	30710000
2	32040000	32050000	2	33590000	33600000
2	32160000	32170000	2	33590000	33600000
2	32270000	32280000	2	33590000	33600000
2	33470000	33480000	2	33580000	33590000
1	29230000	29240000	1	30920000	30930000
2	36350000	36360000	2	36500000	36510000
2	56180000	56190000	2	57500000	57510000
2	63050000	63060000	2	63860000	63870000
2	63580000	63590000	2	63860000	63870000
1	30720000	30730000	1	30920000	30930000
2	64650000	64660000	2	64740000	64750000
2	65270000	65280000	2	65430000	65440000
2	66430000	66440000	2	66570000	66580000
2	66430000	66440000	2	67840000	67850000
2	68460000	68470000	2	69370000	69380000
2	68460000	68470000	2	69560000	69570000
2	68460000	68470000	2	69710000	69720000
2	68460000	68470000	2	69820000	69830000
2	68460000	68470000	2	69900000	69910000
2	68460000	68470000	2	70240000	70250000
2	68460000	68470000	2	70280000	70290000
2	69900000	69910000	2	70290000	70300000
2	69910000	69920000	2	70070000	70080000
2	69910000	69920000	2	70150000	70160000
2	70790000	70800000	2	70940000	70950000
2	71540000	71550000	2	72140000	72150000
2	42820000	42830000	2	43590000	43600000
2	43130000	43140000	2	43220000	43230000
2	44480000	44490000	2	44940000	44950000
1	34780000	34790000	1	35300000	35310000
2	45650000	45660000	2	45770000	45780000
1	35450000	35460000	1	35550000	35560000
1	35570000	35580000	1	35710000	35720000
2	53780000	53790000	2	55610000	55620000
2	54110000	54120000	2	54500000	54510000
