chr	start	end	targetChr	targetStart	targetEnd
2	69900000	69910000	2	70290000	70300000
2	71540000	71550000	2	72140000	72150000
2	104030000	104040000	2	104850000	104860000
2	105330000	105340000	2	106190000	106200000
2	88040000	88050000	2	88690000	88700000
1	35450000	35460000	1	35550000	35560000
2	130340000	130350000	2	131090000	131100000
2	149600000	149610000	2	150480000	150490000
1	37690000	37700000	1	37850000	37860000
2	151810000	151820000	2	152710000	152720000
2	152040000	152050000	2	152170000	152180000
1	6250000	6260000	1	6410000	6420000
2	189650000	189660000	2	190060000	190070000
2	189660000	189670000	2	191010000	191020000
2	189750000	189760000	2	190060000	190070000
2	195660000	195670000	2	196060000	196070000
2	196150000	196160000	2	197510000	197520000
2	196290000	196300000	2	197780000	197790000
2	198310000	198320000	2	199850000	199860000
2	199950000	199960000	2	200810000	200820000
2	200900000	200910000	2	201070000	201080000
1	41570000	41580000	1	42160000	42170000
1	41510000	41520000	1	42740000	42750000
1	42320000	42330000	1	42740000	42750000
2	208260000	208270000	2	210170000	210180000
1	42570000	42580000	1	42740000	42750000
2	212680000	212690000	2	213150000	213160000
2	212770000	212780000	2	213150000	213160000
2	164990000	165000000	2	166120000	166130000
1	43220000	43230000	1	44030000	44040000
2	165010000	165020000	2	165200000	165210000
2	165400000	165410000	2	166120000	166130000
1	43520000	43530000	1	43930000	43940000
2	169100000	169110000	2	170810000	170820000
2	169450000	169460000	2	170810000	170820000
2	170230000	170240000	2	170810000	170820000
2	174710000	174720000	2	176090000	176100000
2	175020000	175030000	2	176090000	176100000
2	175110000	175120000	2	176090000	176100000
2	175190000	175200000	2	176090000	176100000
2	175250000	175260000	2	176090000	176100000
2	175360000	175370000	2	176090000	176100000
1	44720000	44730000	1	45320000	45330000
1	44720000	44730000	1	45490000	45500000
1	45010000	45020000	1	45490000	45500000
2	181300000	181310000	2	181450000	181460000
2	237140000	237150000	2	237560000	237570000
2	237150000	237160000	2	237480000	237490000
2	238360000	238370000	2	240140000	240150000
2	239030000	239040000	2	240140000	240150000
2	240050000	240060000	2	240140000	240150000
2	240150000	240160000	2	240430000	240440000
2	240230000	240240000	2	240430000	240440000
2	217780000	217790000	2	218060000	218070000
2	218260000	218270000	2	219380000	219390000
2	218290000	218300000	2	218380000	218390000
2	219040000	219050000	2	219300000	219310000
2	220680000	220690000	2	221570000	221580000
1	46440000	46450000	1	46530000	46540000
2	227130000	227140000	2	227870000	227880000
2	227880000	227890000	2	229710000	229720000
2	227890000	227900000	2	229270000	229280000
2	231610000	231620000	2	231700000	231710000
3	11380000	11390000	3	11640000	11650000
3	13660000	13670000	3	13880000	13890000
3	38110000	38120000	3	38340000	38350000
3	39110000	39120000	3	39280000	39290000
3	39190000	39200000	3	39280000	39290000
3	39420000	39430000	3	40310000	40320000
3	40190000	40200000	3	40310000	40320000
3	48270000	48280000	3	48430000	48440000
3	51500000	51510000	3	51670000	51680000
3	54840000	54850000	3	55480000	55490000
3	56700000	56710000	3	56800000	56810000
3	58180000	58190000	3	58300000	58310000
3	58180000	58190000	3	58530000	58540000
3	58640000	58650000	3	59050000	59060000
3	62330000	62340000	3	63810000	63820000
3	62620000	62630000	3	63810000	63820000
1	53270000	53280000	1	54800000	54810000
3	71000000	71010000	3	71580000	71590000
3	72850000	72860000	3	73060000	73070000
3	72940000	72950000	3	73060000	73070000
3	19940000	19950000	3	20180000	20190000
3	20040000	20050000	3	20180000	20190000
3	23200000	23210000	3	23800000	23810000
1	53860000	53870000	1	54800000	54810000
3	32510000	32520000	3	33790000	33800000
1	54060000	54070000	1	54800000	54810000
3	88210000	88220000	3	89100000	89110000
3	99820000	99830000	3	101570000	101580000
1	54950000	54960000	1	56810000	56820000
3	104590000	104600000	3	105360000	105370000
3	111700000	111710000	3	111970000	111980000
3	112120000	112130000	3	112290000	112300000
1	55280000	55290000	1	56810000	56820000
3	116770000	116780000	3	117990000	118000000
3	122390000	122400000	3	122680000	122690000
3	122450000	122460000	3	122680000	122690000
3	126130000	126140000	3	126390000	126400000
3	128090000	128100000	3	128490000	128500000
3	130750000	130760000	3	130890000	130900000
1	56830000	56840000	1	58540000	58550000
3	130740000	130750000	3	132410000	132420000
3	131230000	131240000	3	132030000	132040000
3	132720000	132730000	3	134480000	134490000
3	133660000	133670000	3	133800000	133810000
3	136070000	136080000	3	136750000	136760000
3	138590000	138600000	3	139340000	139350000
3	138690000	138700000	3	139340000	139350000
3	169140000	169150000	3	169660000	169670000
3	179010000	179020000	3	179560000	179570000
3	179640000	179650000	3	180600000	180610000
3	154310000	154320000	3	155870000	155880000
3	155860000	155870000	3	157160000	157170000
3	156680000	156690000	3	156820000	156830000
3	158820000	158830000	3	160390000	160400000
3	185970000	185980000	3	186540000	186550000
3	185970000	185980000	3	186610000	186620000
3	186250000	186260000	3	186540000	186550000
3	193780000	193790000	3	194130000	194140000
4	56420000	56430000	4	56820000	56830000
4	73070000	73080000	4	73250000	73260000
4	3340000	3350000	4	3440000	3450000
4	10580000	10590000	4	11420000	11430000
4	12040000	12050000	4	13540000	13550000
4	13640000	13650000	4	15000000	15010000
4	15000000	15010000	4	15650000	15660000
4	38060000	38070000	4	38860000	38870000
4	38760000	38770000	4	38860000	38870000
4	39460000	39470000	4	39970000	39980000
1	64870000	64880000	1	64960000	64970000
4	46840000	46850000	4	47030000	47040000
4	51860000	51870000	4	52020000	52030000
4	52380000	52390000	4	54220000	54230000
4	53910000	53920000	4	54220000	54230000
4	55410000	55420000	4	55540000	55550000
4	21790000	21800000	4	22690000	22700000
4	22400000	22410000	4	22690000	22700000
4	99560000	99570000	4	99940000	99950000
4	102430000	102440000	4	103090000	103100000
4	105130000	105140000	4	105470000	105480000
4	105140000	105150000	4	105700000	105710000
4	105150000	105160000	4	106310000	106320000
4	105700000	105710000	4	106310000	106320000
4	108060000	108070000	4	108160000	108170000
4	109420000	109430000	4	109810000	109820000
4	109700000	109710000	4	109810000	109820000
4	113550000	113560000	4	113760000	113770000
4	116360000	116370000	4	118030000	118040000
4	117440000	117450000	4	118030000	118040000
4	118770000	118780000	4	118880000	118890000
4	118980000	118990000	4	119620000	119630000
4	120060000	120070000	4	121800000	121810000
4	86500000	86510000	4	86890000	86900000
4	87850000	87860000	4	87970000	87980000
4	89440000	89450000	4	89890000	89900000
4	127960000	127970000	4	129090000	129100000
4	128280000	128290000	4	129090000	129100000
4	128570000	128580000	4	128800000	128810000
4	139730000	139740000	4	140150000	140160000
4	141150000	141160000	4	142840000	142850000
4	141310000	141320000	4	142840000	142850000
4	142120000	142130000	4	142840000	142850000
4	144170000	144180000	4	145610000	145620000
4	145220000	145230000	4	145610000	145620000
4	173020000	173030000	4	173160000	173170000
1	70520000	70530000	1	71040000	71050000
4	184260000	184270000	4	184640000	184650000
4	145950000	145960000	4	146170000	146180000
4	154550000	154560000	4	155950000	155960000
4	161320000	161330000	4	162160000	162170000
4	162490000	162500000	4	163330000	163340000
1	112380000	112390000	1	112700000	112710000
5	7890000	7900000	5	9540000	9550000
5	40500000	40510000	5	40670000	40680000
5	32400000	32410000	5	33440000	33450000
5	33440000	33450000	5	34910000	34920000
5	34000000	34010000	5	34910000	34920000
5	34480000	34490000	5	35930000	35940000
5	35080000	35090000	5	35930000	35940000
5	56900000	56910000	5	58460000	58470000
5	57770000	57780000	5	58460000	58470000
5	60680000	60690000	5	60940000	60950000
5	62450000	62460000	5	63960000	63970000
5	64810000	64820000	5	65480000	65490000
5	64960000	64970000	5	65480000	65490000
5	73220000	73230000	5	73440000	73450000
5	73300000	73310000	5	73440000	73450000
5	73570000	73580000	5	74760000	74770000
5	91230000	91240000	5	91380000	91390000
5	112990000	113000000	5	113510000	113520000
5	124650000	124660000	5	124740000	124750000
5	126340000	126350000	5	126600000	126610000
5	102780000	102790000	5	103120000	103130000
5	109400000	109410000	5	109680000	109690000
5	131430000	131440000	5	132010000	132020000
5	132060000	132070000	5	132810000	132820000
5	135460000	135470000	5	135830000	135840000
5	137630000	137640000	5	138130000	138140000
5	137770000	137780000	5	138130000	138140000
5	141680000	141690000	5	141960000	141970000
5	142910000	142920000	5	144170000	144180000
5	143390000	143400000	5	143810000	143820000
1	84940000	84950000	1	85250000	85260000
5	150560000	150570000	5	150840000	150850000
1	85280000	85290000	1	86910000	86920000
5	154750000	154760000	5	154850000	154860000
5	157340000	157350000	5	157730000	157740000
5	159440000	159450000	5	159910000	159920000
5	168270000	168280000	5	169300000	169310000
5	168680000	168690000	5	169300000	169310000
5	168980000	168990000	5	169300000	169310000
5	171400000	171410000	5	172180000	172190000
5	174950000	174960000	5	175440000	175450000
6	26030000	26040000	6	27820000	27830000
6	26180000	26190000	6	27140000	27150000
6	33760000	33770000	6	34140000	34150000
6	35300000	35310000	6	35450000	35460000
6	36610000	36620000	6	37000000	37010000
6	36760000	36770000	6	37000000	37010000
6	36890000	36900000	6	36980000	36990000
6	37320000	37330000	6	37690000	37700000
6	3130000	3140000	6	3250000	3260000
1	88990000	89000000	1	89990000	90000000
1	88990000	89000000	1	89360000	89370000
6	12920000	12930000	6	13570000	13580000
6	13330000	13340000	6	13610000	13620000
6	15690000	15700000	6	16120000	16130000
6	17150000	17160000	6	18120000	18130000
1	89080000	89090000	1	89360000	89370000
6	39350000	39360000	6	41040000	41050000
6	39980000	39990000	6	41040000	41050000
6	41360000	41370000	6	41770000	41780000
6	41780000	41790000	6	42210000	42220000
6	42660000	42670000	6	42870000	42880000
6	44100000	44110000	6	44240000	44250000
6	44160000	44170000	6	44240000	44250000
6	52280000	52290000	6	53060000	53070000
6	52410000	52420000	6	53060000	53070000
6	52660000	52670000	6	53060000	53070000
6	96620000	96630000	6	96890000	96900000
1	91500000	91510000	1	92290000	92300000
6	99600000	99610000	6	100460000	100470000
6	106600000	106610000	6	106970000	106980000
6	108550000	108560000	6	108840000	108850000
6	108550000	108560000	6	109380000	109390000
6	73970000	73980000	6	75200000	75210000
6	74750000	74760000	6	75200000	75210000
6	82260000	82270000	6	83510000	83520000
6	83060000	83070000	6	83510000	83520000
6	83060000	83070000	6	84220000	84230000
6	83210000	83220000	6	84220000	84230000
6	83220000	83230000	6	83510000	83520000
6	83410000	83420000	6	83510000	83520000
6	83870000	83880000	6	84220000	84230000
6	88980000	88990000	6	89110000	89120000
1	94050000	94060000	1	94230000	94240000
6	116280000	116290000	6	116540000	116550000
6	117340000	117350000	6	117600000	117610000
6	117450000	117460000	6	117600000	117610000
6	122390000	122400000	6	122470000	122480000
6	125300000	125310000	6	127110000	127120000
6	126000000	126010000	6	127110000	127120000
6	135020000	135030000	6	135180000	135190000
6	136640000	136650000	6	136790000	136800000
6	137710000	137720000	6	137860000	137870000
1	99810000	99820000	1	100030000	100040000
6	145730000	145740000	6	145810000	145820000
6	151420000	151430000	6	152980000	152990000
6	155320000	155330000	6	156770000	156780000
1	3470000	3480000	1	3620000	3630000
6	163180000	163190000	6	163410000	163420000
7	69420000	69430000	7	69590000	69600000
7	1570000	1580000	7	2350000	2360000
7	2870000	2880000	7	3300000	3310000
7	10960000	10970000	7	12210000	12220000
1	145970000	145980000	1	147670000	147680000
7	16980000	16990000	7	17290000	17300000
1	150460000	150470000	1	150980000	150990000
7	23270000	23280000	7	23530000	23540000
1	152650000	152660000	1	153210000	153220000
7	25870000	25880000	7	26860000	26870000
7	25870000	25880000	7	27160000	27170000
1	152870000	152880000	1	153210000	153220000
7	26080000	26090000	7	27150000	27160000
7	26200000	26210000	7	27160000	27170000
7	26370000	26380000	7	27160000	27170000
7	26680000	26690000	7	27150000	27160000
7	26850000	26860000	7	27150000	27160000
1	153800000	153810000	1	153970000	153980000
7	30270000	30280000	7	30500000	30510000
1	154480000	154490000	1	155050000	155060000
1	154560000	154570000	1	155050000	155060000
7	36450000	36460000	7	37840000	37850000
7	40230000	40240000	7	41700000	41710000
1	156380000	156390000	1	156610000	156620000
1	156470000	156480000	1	156590000	156600000
7	42930000	42940000	7	43720000	43730000
7	44590000	44600000	7	44840000	44850000
7	50210000	50220000	7	50300000	50310000
7	54770000	54780000	7	55960000	55970000
7	91070000	91080000	7	92440000	92450000
7	92610000	92620000	7	92830000	92840000
7	93890000	93900000	7	94390000	94400000
7	93920000	93930000	7	94000000	94010000
7	96410000	96420000	7	97020000	97030000
7	100090000	100100000	7	100870000	100880000
7	100460000	100470000	7	100860000	100870000
7	100880000	100890000	7	102430000	102440000
7	101160000	101170000	7	102430000	102440000
1	157970000	157980000	1	159070000	159080000
1	158500000	158510000	1	159070000	159080000
7	132390000	132400000	7	132570000	132580000
1	160830000	160840000	1	160950000	160960000
7	137900000	137910000	7	138000000	138010000
1	161200000	161210000	1	161740000	161750000
7	116260000	116270000	7	116520000	116530000
7	118350000	118360000	7	120270000	120280000
7	119270000	119280000	7	120270000	120280000
7	119930000	119940000	7	120270000	120280000
1	182080000	182090000	1	182780000	182790000
1	182140000	182150000	1	182390000	182400000
1	182140000	182150000	1	182780000	182790000
1	182450000	182460000	1	182580000	182590000
1	15130000	15140000	1	15430000	15440000
1	182600000	182610000	1	182780000	182790000
8	4230000	4240000	8	4990000	5000000
8	9050000	9060000	8	9150000	9160000
8	9830000	9840000	8	10830000	10840000
8	10040000	10050000	8	10830000	10840000
8	16770000	16780000	8	17150000	17160000
8	36850000	36860000	8	38150000	38160000
8	40250000	40260000	8	41520000	41530000
8	41700000	41710000	8	42370000	42380000
8	41990000	42000000	8	42150000	42160000
8	47960000	47970000	8	48920000	48930000
8	48160000	48170000	8	48920000	48930000
8	48310000	48320000	8	48920000	48930000
8	51840000	51850000	8	52400000	52410000
1	15320000	15330000	1	15430000	15440000
8	52010000	52020000	8	52400000	52410000
8	52110000	52120000	8	52400000	52410000
1	185300000	185310000	1	186370000	186380000
8	21910000	21920000	8	22140000	22150000
8	28390000	28400000	8	30080000	30090000
8	29340000	29350000	8	30150000	30160000
8	30060000	30070000	8	30150000	30160000
8	30660000	30670000	8	30810000	30820000
8	31250000	31260000	8	32540000	32550000
8	31590000	31600000	8	32540000	32550000
8	32220000	32230000	8	32540000	32550000
8	37390000	37400000	8	37690000	37700000
8	37540000	37550000	8	37690000	37700000
8	65830000	65840000	8	66020000	66030000
8	66050000	66060000	8	66420000	66430000
8	66440000	66450000	8	67060000	67070000
1	196330000	196340000	1	196650000	196660000
8	132190000	132200000	8	133190000	133200000
8	132870000	132880000	8	133190000	133200000
8	134900000	134910000	8	135450000	135460000
8	140460000	140470000	8	140630000	140640000
8	112790000	112800000	8	113430000	113440000
8	117320000	117330000	8	119060000	119070000
8	117460000	117470000	8	118110000	118120000
8	117860000	117870000	8	118110000	118120000
8	122670000	122680000	8	123760000	123770000
8	122780000	122790000	8	124450000	124460000
8	124600000	124610000	8	124720000	124730000
8	85150000	85160000	8	86340000	86350000
8	85200000	85210000	8	86340000	86350000
8	85290000	85300000	8	86090000	86100000
8	89720000	89730000	8	89980000	89990000
8	89720000	89730000	8	91070000	91080000
8	89840000	89850000	8	89980000	89990000
8	89990000	90000000	8	90640000	90650000
8	90990000	91000000	8	91070000	91080000
8	94810000	94820000	8	96160000	96170000
8	94940000	94950000	8	95020000	95030000
8	95290000	95300000	8	96160000	96170000
1	3910000	3920000	1	4650000	4660000
8	95890000	95900000	8	96160000	96170000
8	96250000	96260000	8	97640000	97650000
8	100920000	100930000	8	102230000	102240000
8	103090000	103100000	8	103370000	103380000
8	108240000	108250000	8	109330000	109340000
1	168440000	168450000	1	168570000	168580000
8	108240000	108250000	8	109540000	109550000
9	71770000	71780000	9	72360000	72370000
9	2850000	2860000	9	4660000	4670000
9	3510000	3520000	9	5430000	5440000
9	4750000	4760000	9	5430000	5440000
9	4760000	4770000	9	4980000	4990000
1	169590000	169600000	1	169710000	169720000
9	26890000	26900000	9	26950000	26960000
9	32560000	32570000	9	33260000	33270000
1	17120000	17130000	1	17240000	17250000
9	96330000	96340000	9	96650000	96660000
9	100600000	100610000	9	101530000	101540000
9	101390000	101400000	9	101530000	101540000
1	172740000	172750000	1	173820000	173830000
1	173420000	173430000	1	173820000	173830000
9	77440000	77450000	9	78030000	78040000
9	81520000	81530000	9	81680000	81690000
9	88720000	88730000	9	88990000	89000000
9	91770000	91780000	9	91950000	91960000
9	129130000	129140000	9	129620000	129630000
1	175010000	175020000	1	176200000	176210000
9	131350000	131360000	9	131740000	131750000
9	131500000	131510000	9	131740000	131750000
9	111630000	111640000	9	113340000	113350000
9	113300000	113310000	9	113400000	113410000
9	114410000	114420000	9	114650000	114660000
9	117640000	117650000	9	119360000	119370000
9	122110000	122120000	9	122800000	122810000
9	122460000	122470000	9	122800000	122810000
9	123080000	123090000	9	123350000	123360000
9	124770000	124780000	9	124850000	124860000
9	127500000	127510000	9	127910000	127920000
10	43410000	43420000	10	44970000	44980000
10	43670000	43680000	10	44380000	44390000
1	175470000	175480000	1	175740000	175750000
10	50990000	51000000	10	52770000	52780000
10	52300000	52310000	10	52770000	52780000
10	52640000	52650000	10	52770000	52780000
10	6440000	6450000	10	6580000	6590000
10	6680000	6690000	10	7410000	7420000
10	6910000	6920000	10	7410000	7420000
10	14510000	14520000	10	14830000	14840000
10	22000000	22010000	10	22320000	22330000
10	27240000	27250000	10	28530000	28540000
1	179090000	179100000	1	179360000	179370000
10	58170000	58180000	10	58380000	58390000
10	58300000	58310000	10	58380000	58390000
10	59630000	59640000	10	59900000	59910000
1	180510000	180520000	1	181030000	181040000
10	69510000	69520000	10	69630000	69640000
10	70450000	70460000	10	70880000	70890000
10	70550000	70560000	10	70880000	70890000
10	93370000	93380000	10	93480000	93490000
10	96640000	96650000	10	96830000	96840000
10	97780000	97790000	10	98030000	98040000
10	101190000	101200000	10	101770000	101780000
10	102910000	102920000	10	103240000	103250000
10	103900000	103910000	10	104120000	104130000
10	74240000	74250000	10	75230000	75240000
10	74250000	74260000	10	75090000	75100000
10	77390000	77400000	10	77630000	77640000
10	78040000	78050000	10	79060000	79070000
10	89260000	89270000	10	89390000	89400000
10	129030000	129040000	10	129960000	129970000
1	202180000	202190000	1	202710000	202720000
10	129970000	129980000	10	130110000	130120000
1	202340000	202350000	1	202710000	202720000
10	119170000	119180000	10	119870000	119880000
10	124530000	124540000	10	124740000	124750000
11	57340000	57350000	11	57640000	57650000
11	57560000	57570000	11	57640000	57650000
11	57660000	57670000	11	59140000	59150000
11	59180000	59190000	11	59420000	59430000
11	66410000	66420000	11	66670000	66680000
11	66570000	66580000	11	66670000	66680000
11	69280000	69290000	11	69640000	69650000
11	71970000	71980000	11	72430000	72440000
11	32320000	32330000	11	32790000	32800000
11	34170000	34180000	11	34350000	34360000
11	1840000	1850000	11	2140000	2150000
11	2030000	2040000	11	2140000	2150000
11	4630000	4640000	11	5800000	5810000
11	5120000	5130000	11	5800000	5810000
11	5470000	5480000	11	5800000	5810000
11	6020000	6030000	11	6320000	6330000
11	14520000	14530000	11	14890000	14900000
11	18530000	18540000	11	18720000	18730000
11	74700000	74710000	11	75240000	75250000
11	74930000	74940000	11	75240000	75250000
11	75020000	75030000	11	75240000	75250000
1	208020000	208030000	1	208240000	208250000
11	93690000	93700000	11	94490000	94500000
11	95070000	95080000	11	95780000	95790000
1	210410000	210420000	1	211130000	211140000
11	118190000	118200000	11	118350000	118360000
11	118680000	118690000	11	118950000	118960000
11	124070000	124080000	11	124860000	124870000
11	124650000	124660000	11	124800000	124810000
1	210580000	210590000	1	211130000	211140000
11	124660000	124670000	11	124760000	124770000
1	211680000	211690000	1	212030000	212040000
12	26110000	26120000	12	27010000	27020000
12	26840000	26850000	12	27010000	27020000
12	26930000	26940000	12	27010000	27020000
12	31650000	31660000	12	32670000	32680000
12	570000	580000	12	1590000	1600000
12	810000	820000	12	1590000	1600000
12	4100000	4110000	12	4270000	4280000
12	6930000	6940000	12	7100000	7110000
12	12370000	12380000	12	12710000	12720000
12	13090000	13100000	12	13190000	13200000
12	14260000	14270000	12	14360000	14370000
12	14750000	14760000	12	15880000	15890000
12	14950000	14960000	12	15880000	15890000
12	56200000	56210000	12	56460000	56470000
12	56760000	56770000	12	56990000	57000000
12	57260000	57270000	12	57450000	57460000
12	63840000	63850000	12	64400000	64410000
12	67350000	67360000	12	68220000	68230000
12	68340000	68350000	12	68680000	68690000
12	68830000	68840000	12	69580000	69590000
12	71780000	71790000	12	71930000	71940000
12	50820000	50830000	12	51340000	51350000
12	51040000	51050000	12	51340000	51350000
12	51260000	51270000	12	51340000	51350000
12	51420000	51430000	12	51810000	51820000
12	52150000	52160000	12	52320000	52330000
12	54230000	54240000	12	54360000	54370000
12	55740000	55750000	12	55930000	55940000
12	55810000	55820000	12	55930000	55940000
12	75520000	75530000	12	76030000	76040000
12	84870000	84880000	12	85030000	85040000
12	89020000	89030000	12	89520000	89530000
12	113190000	113200000	12	113420000	113430000
12	115990000	116000000	12	116880000	116890000
12	117870000	117880000	12	118370000	118380000
12	118180000	118190000	12	118370000	118380000
12	120580000	120590000	12	120970000	120980000
12	122630000	122640000	12	122750000	122760000
12	122970000	122980000	12	123230000	123240000
12	123260000	123270000	12	123600000	123610000
12	123350000	123360000	12	123580000	123590000
12	130040000	130050000	12	130330000	130340000
12	131110000	131120000	12	131820000	131830000
12	101770000	101780000	12	102480000	102490000
12	101930000	101940000	12	102480000	102490000
1	241520000	241530000	1	241840000	241850000
12	107670000	107680000	12	108510000	108520000
12	107750000	107760000	12	108510000	108520000
12	107990000	108000000	12	108510000	108520000
12	108550000	108560000	12	109090000	109100000
1	241620000	241630000	1	241840000	241850000
1	241630000	241640000	1	243250000	243260000
13	60620000	60630000	13	61410000	61420000
13	65650000	65660000	13	67230000	67240000
13	39040000	39050000	13	40770000	40780000
13	39680000	39690000	13	40770000	40780000
13	42590000	42600000	13	43870000	43880000
13	42970000	42980000	13	43870000	43880000
13	43080000	43090000	13	43870000	43880000
13	48120000	48130000	13	48230000	48240000
13	50810000	50820000	13	50900000	50910000
13	51120000	51130000	13	52150000	52160000
13	51450000	51460000	13	51580000	51590000
13	51890000	51900000	13	52120000	52130000
13	22790000	22800000	13	23890000	23900000
13	23380000	23390000	13	23880000	23890000
13	23470000	23480000	13	23880000	23890000
13	25080000	25090000	13	25370000	25380000
13	28310000	28320000	13	28650000	28660000
13	31430000	31440000	13	31730000	31740000
13	75370000	75380000	13	75540000	75550000
1	219990000	220000000	1	220780000	220790000
13	104570000	104580000	13	106530000	106540000
13	104770000	104780000	13	106530000	106540000
13	108210000	108220000	13	109780000	109790000
13	109140000	109150000	13	109780000	109790000
14	20320000	20330000	14	20680000	20690000
14	21010000	21020000	14	21100000	21110000
14	21240000	21250000	14	21380000	21390000
14	24240000	24250000	14	24420000	24430000
14	45130000	45140000	14	45250000	45260000
14	49620000	49630000	14	50110000	50120000
14	49850000	49860000	14	50530000	50540000
14	52140000	52150000	14	52260000	52270000
14	52300000	52310000	14	52700000	52710000
14	52300000	52310000	14	52950000	52960000
14	52820000	52830000	14	52950000	52960000
1	223700000	223710000	1	224330000	224340000
14	63380000	63390000	14	64290000	64300000
14	63790000	63800000	14	64290000	64300000
14	64010000	64020000	14	64290000	64300000
1	224110000	224120000	1	224330000	224340000
14	66350000	66360000	14	67700000	67710000
14	67590000	67600000	14	67670000	67680000
14	92120000	92130000	14	92790000	92800000
14	101960000	101970000	14	102310000	102320000
14	102060000	102070000	14	102310000	102320000
14	75710000	75720000	14	75980000	75990000
1	225480000	225490000	1	225770000	225780000
14	87940000	87950000	14	88380000	88390000
15	25510000	25520000	15	26860000	26870000
15	25690000	25700000	15	26860000	26870000
15	25930000	25940000	15	26860000	26870000
15	34070000	34080000	15	34220000	34230000
15	34220000	34230000	15	34980000	34990000
15	44580000	44590000	15	45110000	45120000
1	22120000	22130000	1	22640000	22650000
15	48850000	48860000	15	49420000	49430000
15	53960000	53970000	15	55280000	55290000
15	57560000	57570000	15	58060000	58070000
15	57740000	57750000	15	58060000	58070000
15	61870000	61880000	15	62060000	62070000
15	65610000	65620000	15	66290000	66300000
15	66370000	66380000	15	66490000	66500000
15	66930000	66940000	15	67820000	67830000
1	22420000	22430000	1	22640000	22650000
15	75030000	75040000	15	75200000	75210000
15	78110000	78120000	15	78230000	78240000
15	80450000	80460000	15	80770000	80780000
15	80570000	80580000	15	80770000	80780000
15	81480000	81490000	15	82040000	82050000
15	88620000	88630000	15	88890000	88900000
15	90640000	90650000	15	90880000	90890000
15	92810000	92820000	15	92900000	92910000
15	101090000	101100000	15	101250000	101260000
16	21980000	21990000	16	22290000	22300000
16	22200000	22210000	16	22290000	22300000
16	29680000	29690000	16	30020000	30030000
16	30430000	30440000	16	30610000	30620000
16	30970000	30980000	16	31440000	31450000
16	47040000	47050000	16	48150000	48160000
16	47130000	47140000	16	48150000	48160000
16	50350000	50360000	16	50740000	50750000
16	54280000	54290000	16	54930000	54940000
16	4500000	4510000	16	4950000	4960000
16	8560000	8570000	16	8880000	8890000
16	8650000	8660000	16	8880000	8890000
16	8660000	8670000	16	8790000	8800000
16	9150000	9160000	16	10180000	10190000
16	10960000	10970000	16	11520000	11530000
16	10970000	10980000	16	11250000	11260000
16	19590000	19600000	16	19880000	19890000
16	57570000	57580000	16	58000000	58010000
16	57750000	57760000	16	58000000	58010000
16	58020000	58030000	16	58120000	58130000
2	1880000	1890000	2	3650000	3660000
16	66960000	66970000	16	67170000	67180000
16	66950000	66960000	16	67430000	67440000
16	67540000	67550000	16	67640000	67650000
16	68530000	68540000	16	69290000	69300000
16	69390000	69400000	16	69750000	69760000
16	75560000	75570000	16	77190000	77200000
16	77220000	77230000	16	78090000	78100000
16	78700000	78710000	16	79600000	79610000
16	86060000	86070000	16	86510000	86520000
16	87580000	87590000	16	87760000	87770000
17	29630000	29640000	17	29930000	29940000
17	32780000	32790000	17	32990000	33000000
17	34420000	34430000	17	35120000	35130000
17	34410000	34420000	17	35530000	35540000
17	34540000	34550000	17	35120000	35130000
17	35160000	35170000	17	35530000	35540000
17	35310000	35320000	17	35530000	35540000
17	38980000	38990000	17	39160000	39170000
17	40010000	40020000	17	40280000	40290000
17	40020000	40030000	17	40170000	40180000
17	40210000	40220000	17	41680000	41690000
17	44200000	44210000	17	44340000	44350000
17	48020000	48030000	17	48610000	48620000
17	48330000	48340000	17	48590000	48600000
17	49560000	49570000	17	49990000	50000000
17	49570000	49580000	17	49840000	49850000
17	49860000	49870000	17	49990000	50000000
17	51000000	51010000	17	51150000	51160000
17	1900000	1910000	17	2020000	2030000
17	5500000	5510000	17	6430000	6440000
17	6460000	6470000	17	6640000	6650000
17	6650000	6660000	17	7010000	7020000
17	7030000	7040000	17	7580000	7590000
17	7040000	7050000	17	7300000	7310000
17	8400000	8410000	17	8750000	8760000
17	12000000	12010000	17	13010000	13020000
17	15250000	15260000	17	15990000	16000000
17	17360000	17370000	17	17490000	17500000
17	57120000	57130000	17	57740000	57750000
17	57120000	57130000	17	58000000	58010000
17	60720000	60730000	17	61390000	61400000
17	62700000	62710000	17	62960000	62970000
17	63430000	63440000	17	63600000	63610000
2	9810000	9820000	2	10040000	10050000
17	72980000	72990000	17	73160000	73170000
17	78860000	78870000	17	78970000	78980000
18	2760000	2770000	18	3240000	3250000
18	2930000	2940000	18	3240000	3250000
18	2990000	3000000	18	3240000	3250000
18	3280000	3290000	18	3450000	3460000
18	9960000	9970000	18	10520000	10530000
18	24400000	24410000	18	25350000	25360000
18	61630000	61640000	18	61890000	61900000
2	11830000	11840000	2	12710000	12720000
18	63130000	63140000	18	63310000	63320000
18	64030000	64040000	18	65750000	65760000
18	64100000	64110000	18	65750000	65760000
18	67220000	67230000	18	67510000	67520000
18	68700000	68710000	18	70200000	70210000
18	70590000	70600000	18	72540000	72550000
18	70780000	70790000	18	72540000	72550000
18	70920000	70930000	18	72540000	72550000
18	42110000	42120000	18	43270000	43280000
18	42300000	42310000	18	43270000	43280000
18	42600000	42610000	18	43270000	43280000
18	45670000	45680000	18	46070000	46080000
18	45930000	45940000	18	46070000	46080000
18	46150000	46160000	18	46650000	46660000
18	46280000	46290000	18	46650000	46660000
18	49480000	49490000	18	50280000	50290000
18	54210000	54220000	18	54350000	54360000
18	72720000	72730000	18	74140000	74150000
18	74600000	74610000	18	76490000	76500000
19	35690000	35700000	19	35930000	35940000
19	57100000	57110000	19	58150000	58160000
19	58020000	58030000	19	58150000	58160000
19	37900000	37910000	19	38330000	38340000
19	38240000	38250000	19	38330000	38340000
19	38630000	38640000	19	38930000	38940000
19	38730000	38740000	19	38910000	38920000
19	39120000	39130000	19	39320000	39330000
19	41440000	41450000	19	41570000	41580000
19	42100000	42110000	19	42420000	42430000
19	42110000	42120000	19	42300000	42310000
19	46280000	46290000	19	46490000	46500000
19	46390000	46400000	19	46490000	46500000
19	50350000	50360000	19	50780000	50790000
19	50360000	50370000	19	50470000	50480000
19	50530000	50540000	19	50780000	50790000
19	54480000	54490000	19	54660000	54670000
19	55510000	55520000	19	55620000	55630000
19	1280000	1290000	19	1810000	1820000
19	2960000	2970000	19	3170000	3180000
19	7140000	7150000	19	7340000	7350000
19	8640000	8650000	19	9080000	9090000
19	9930000	9940000	19	10250000	10260000
19	9930000	9940000	19	10380000	10390000
19	10260000	10270000	19	10380000	10390000
19	13880000	13890000	19	14060000	14070000
19	13880000	13890000	19	14470000	14480000
19	15610000	15620000	19	16180000	16190000
19	17430000	17440000	19	17850000	17860000
19	19530000	19540000	19	19640000	19650000
20	24990000	25000000	20	25390000	25400000
20	25290000	25300000	20	25400000	25410000
20	31640000	31650000	20	31720000	31730000
20	31840000	31850000	20	31950000	31960000
20	32900000	32910000	20	33000000	33010000
20	34540000	34550000	20	34700000	34710000
20	37400000	37410000	20	37520000	37530000
20	350000	360000	20	650000	660000
20	810000	820000	20	1200000	1210000
20	1110000	1120000	20	1460000	1470000
20	3560000	3570000	20	3710000	3720000
20	4610000	4620000	20	4720000	4730000
20	5550000	5560000	20	6000000	6010000
20	6140000	6150000	20	7940000	7950000
2	20660000	20670000	2	21120000	21130000
20	54670000	54680000	20	56240000	56250000
20	57380000	57390000	20	57490000	57500000
2	23820000	23830000	2	24080000	24090000
20	57390000	57400000	20	58890000	58900000
20	58890000	58900000	20	59000000	59010000
20	62010000	62020000	20	62380000	62390000
20	62010000	62020000	20	62800000	62810000
20	62020000	62030000	20	62140000	62150000
20	62190000	62200000	20	62380000	62390000
20	62390000	62400000	20	62800000	62810000
20	62500000	62510000	20	62790000	62800000
1	25500000	25510000	1	25800000	25810000
20	38640000	38650000	20	38740000	38750000
20	39260000	39270000	20	40680000	40690000
20	41740000	41750000	20	43180000	43190000
20	44210000	44220000	20	44310000	44320000
20	45020000	45030000	20	45300000	45310000
20	46120000	46130000	20	46680000	46690000
20	46520000	46530000	20	46680000	46690000
20	50800000	50810000	20	50930000	50940000
2	26960000	26970000	2	27280000	27290000
21	25880000	25890000	21	26170000	26180000
21	36140000	36150000	21	36320000	36330000
21	37700000	37710000	21	37910000	37920000
22	26680000	26690000	22	27800000	27810000
22	27400000	27410000	22	27800000	27810000
22	29620000	29630000	22	30080000	30090000
22	30100000	30110000	22	30260000	30270000
22	30280000	30290000	22	30380000	30390000
22	30760000	30770000	22	31140000	31150000
22	39160000	39170000	22	39310000	39320000
22	39530000	39540000	22	40340000	40350000
22	45440000	45450000	22	45970000	45980000
22	45580000	45590000	22	45970000	45980000
22	45640000	45650000	22	45970000	45980000
X	55900000	55910000	X	56230000	56240000
X	63750000	63760000	X	65530000	65540000
2	32490000	32500000	2	33590000	33600000
X	23690000	23700000	X	24050000	24060000
X	47210000	47220000	X	47370000	47380000
X	48070000	48080000	X	48570000	48580000
X	6020000	6030000	X	7920000	7930000
X	7990000	8000000	X	8730000	8740000
X	9340000	9350000	X	9460000	9470000
X	10180000	10190000	X	11750000	11760000
X	12800000	12810000	X	13650000	13660000
X	13660000	13670000	X	14020000	14030000
X	13750000	13760000	X	14020000	14030000
X	77900000	77910000	X	78100000	78110000
X	103680000	103690000	X	104150000	104160000
X	110450000	110460000	X	111090000	111100000
X	119500000	119510000	X	119750000	119760000
X	129610000	129620000	X	129900000	129910000
X	131850000	131860000	X	132210000	132220000
X	151150000	151160000	X	152630000	152640000
X	151750000	151760000	X	152630000	152640000
2	43130000	43140000	2	43220000	43230000
2	47430000	47440000	2	47780000	47790000
1	30930000	30940000	1	29230000	29240000
2	64740000	64750000	2	64650000	64660000
2	67840000	67850000	2	66430000	66440000
1	30920000	30930000	1	30720000	30730000
2	70150000	70160000	2	69910000	69920000
2	96950000	96960000	2	96850000	96860000
2	106190000	106200000	2	105330000	105340000
2	74580000	74590000	2	74480000	74490000
1	35300000	35310000	1	34780000	34790000
2	120520000	120530000	2	120340000	120350000
2	120670000	120680000	2	120340000	120350000
2	121070000	121080000	2	120340000	120350000
1	35720000	35730000	1	35570000	35580000
2	131090000	131100000	2	130340000	130350000
2	136370000	136380000	2	136110000	136120000
2	152690000	152700000	2	151280000	151290000
1	37850000	37860000	1	37690000	37700000
2	152620000	152630000	2	152330000	152340000
2	156410000	156420000	2	156330000	156340000
2	157480000	157490000	2	157320000	157330000
2	158000000	158010000	2	157320000	157330000
2	189770000	189780000	2	189660000	189670000
2	191010000	191020000	2	189660000	189670000
1	39080000	39090000	1	38850000	38860000
2	193580000	193590000	2	192190000	192200000
2	198290000	198300000	2	197800000	197810000
2	200810000	200820000	2	199950000	199960000
2	200700000	200710000	2	200580000	200590000
2	201160000	201170000	2	200960000	200970000
2	205920000	205930000	2	205680000	205690000
2	210170000	210180000	2	208260000	208270000
2	209550000	209560000	2	209420000	209430000
2	210180000	210190000	2	209420000	209430000
2	217160000	217170000	2	216690000	216700000
2	217500000	217510000	2	216690000	216700000
2	165870000	165880000	2	165230000	165240000
2	171410000	171420000	2	171160000	171170000
2	176640000	176650000	2	176120000	176130000
2	177320000	177330000	2	176120000	176130000
2	177410000	177420000	2	176120000	176130000
2	177750000	177760000	2	176120000	176130000
2	179750000	179760000	2	178110000	178120000
1	45300000	45310000	1	45010000	45020000
1	45490000	45500000	1	45010000	45020000
2	237670000	237680000	2	237590000	237600000
2	240140000	240150000	2	240050000	240060000
2	219380000	219390000	2	218260000	218270000
2	218380000	218390000	2	218290000	218300000
2	219300000	219310000	2	219040000	219050000
2	219290000	219300000	2	219160000	219170000
1	47710000	47720000	1	47430000	47440000
3	9420000	9430000	3	8960000	8970000
3	18750000	18760000	3	18420000	18430000
3	38470000	38480000	3	38340000	38350000
3	39280000	39290000	3	39190000	39200000
3	46070000	46080000	3	45940000	45950000
3	46440000	46450000	3	45940000	45950000
3	46890000	46900000	3	46700000	46710000
3	47350000	47360000	3	46710000	46720000
3	50540000	50550000	3	50350000	50360000
3	51670000	51680000	3	51500000	51510000
3	55730000	55740000	3	55480000	55490000
3	56240000	56250000	3	55480000	55490000
3	58160000	58170000	3	58000000	58010000
3	20180000	20190000	3	19940000	19950000
3	20180000	20190000	3	20040000	20050000
3	23800000	23810000	3	23200000	23210000
3	33070000	33080000	3	32500000	32510000
3	33070000	33080000	3	32950000	32960000
3	33370000	33380000	3	32950000	32960000
3	37770000	37780000	3	37450000	37460000
3	88000000	88010000	3	87270000	87280000
3	114420000	114430000	3	113830000	113840000
3	122670000	122680000	3	122560000	122570000
3	123250000	123260000	3	122560000	122570000
3	125430000	125440000	3	124930000	124940000
3	127450000	127460000	3	126520000	126530000
3	127540000	127550000	3	126520000	126530000
3	132410000	132420000	3	130740000	130750000
3	132180000	132190000	3	132030000	132040000
3	133810000	133820000	3	132720000	132730000
3	133920000	133930000	3	132720000	132730000
3	134300000	134310000	3	132720000	132730000
3	134480000	134490000	3	132720000	132730000
1	58040000	58050000	1	57420000	57430000
3	133800000	133810000	3	133660000	133670000
3	135500000	135510000	3	134790000	134800000
3	135890000	135900000	3	134790000	134800000
3	136040000	136050000	3	134790000	134800000
3	137010000	137020000	3	136750000	136760000
3	138910000	138920000	3	138590000	138600000
3	139340000	139350000	3	138590000	138600000
3	138680000	138690000	3	138600000	138610000
3	139330000	139340000	3	138940000	138950000
3	140860000	140870000	3	139930000	139940000
3	141890000	141900000	3	141730000	141740000
3	167740000	167750000	3	167380000	167390000
3	170840000	170850000	3	169760000	169770000
3	170810000	170820000	3	169860000	169870000
3	177350000	177360000	3	177190000	177200000
3	152250000	152260000	3	150400000	150410000
3	156660000	156670000	3	156550000	156560000
3	157080000	157090000	3	156670000	156680000
3	157140000	157150000	3	156670000	156680000
1	62760000	62770000	1	62430000	62440000
3	184530000	184540000	3	184370000	184380000
3	186810000	186820000	3	186610000	186620000
3	188750000	188760000	3	187740000	187750000
1	63440000	63450000	1	63320000	63330000
3	195250000	195260000	3	194670000	194680000
3	195100000	195110000	3	194680000	194690000
4	67900000	67910000	4	67550000	67560000
4	72300000	72310000	4	70590000	70600000
4	7070000	7080000	4	6710000	6720000
4	7720000	7730000	4	7190000	7200000
4	8400000	8410000	4	8260000	8270000
4	15650000	15660000	4	15000000	15010000
4	16230000	16240000	4	15000000	15010000
4	16260000	16270000	4	15960000	15970000
4	40320000	40330000	4	40050000	40060000
4	48280000	48290000	4	48130000	48140000
4	26990000	27000000	4	26860000	26870000
4	99060000	99070000	4	98140000	98150000
4	99400000	99410000	4	98140000	98150000
4	99880000	99890000	4	99560000	99570000
4	99940000	99950000	4	99560000	99570000
4	105700000	105710000	4	105140000	105150000
4	106310000	106320000	4	105700000	105710000
4	106810000	106820000	4	106360000	106370000
4	106890000	106900000	4	106360000	106370000
4	107510000	107520000	4	106360000	106370000
4	108560000	108570000	4	108160000	108170000
4	109810000	109820000	4	109700000	109710000
4	121800000	121810000	4	120060000	120070000
4	126600000	126610000	4	125310000	125320000
4	74650000	74660000	4	74360000	74370000
4	77040000	77050000	4	76420000	76430000
4	77210000	77220000	4	76420000	76430000
4	76750000	76760000	4	76430000	76440000
4	87010000	87020000	4	86930000	86940000
4	129090000	129100000	4	127960000	127970000
4	128810000	128820000	4	128280000	128290000
4	129090000	129100000	4	128280000	128290000
4	140860000	140870000	4	139010000	139020000
4	140240000	140250000	4	140150000	140160000
4	165090000	165100000	4	163160000	163170000
4	164010000	164020000	4	163470000	163480000
4	164740000	164750000	4	163470000	163480000
4	169580000	169590000	4	168490000	168500000
4	169300000	169310000	4	169010000	169020000
4	170030000	170040000	4	169610000	169620000
1	110000000	110010000	1	109530000	109540000
4	152380000	152390000	4	151270000	151280000
4	152360000	152370000	4	151760000	151770000
4	153570000	153580000	4	153340000	153350000
4	155360000	155370000	4	154550000	154560000
4	155780000	155790000	4	154550000	154560000
4	155950000	155960000	4	154550000	154560000
4	157200000	157210000	4	155950000	155960000
4	159190000	159200000	4	158720000	158730000
4	159440000	159450000	4	158720000	158730000
1	111760000	111770000	1	111200000	111210000
1	111760000	111770000	1	111470000	111480000
5	6570000	6580000	5	5140000	5150000
5	5410000	5420000	5	5140000	5150000
5	6740000	6750000	5	5140000	5150000
5	6730000	6740000	5	5420000	5430000
5	6730000	6740000	5	6370000	6380000
5	18110000	18120000	5	17210000	17220000
5	18300000	18310000	5	17210000	17220000
5	40870000	40880000	5	40750000	40760000
1	114420000	114430000	1	113970000	113980000
5	54220000	54230000	5	53100000	53110000
5	54850000	54860000	5	54510000	54520000
5	55150000	55160000	5	54510000	54520000
5	55690000	55700000	5	55170000	55180000
5	32590000	32600000	5	32440000	32450000
5	33950000	33960000	5	33440000	33450000
5	34460000	34470000	5	33440000	33450000
5	34910000	34920000	5	33440000	33450000
5	34910000	34920000	5	34000000	34010000
5	36690000	36700000	5	36060000	36070000
5	36700000	36710000	5	36150000	36160000
5	36690000	36700000	5	36240000	36250000
5	57220000	57230000	5	56900000	56910000
5	58460000	58470000	5	56900000	56910000
5	61320000	61330000	5	61160000	61170000
1	3720000	3730000	1	3450000	3460000
5	76250000	76260000	5	74760000	74770000
5	74910000	74920000	5	74760000	74770000
5	76250000	76260000	5	75050000	75060000
5	81840000	81850000	5	81750000	81760000
5	85040000	85050000	5	83720000	83730000
5	87400000	87410000	5	86610000	86620000
5	87390000	87400000	5	87260000	87270000
5	88680000	88690000	5	87410000	87420000
5	116070000	116080000	5	115840000	115850000
5	116940000	116950000	5	116570000	116580000
5	122090000	122100000	5	121960000	121970000
5	124900000	124910000	5	124740000	124750000
5	93800000	93810000	5	93580000	93590000
5	94710000	94720000	5	93580000	93590000
5	98820000	98830000	5	97180000	97190000
5	109680000	109690000	5	109400000	109410000
5	131380000	131390000	5	131160000	131170000
5	131270000	131280000	5	131170000	131180000
5	132810000	132820000	5	132060000	132070000
5	136070000	136080000	5	135950000	135960000
5	136170000	136180000	5	135950000	135960000
5	139260000	139270000	5	138570000	138580000
5	141040000	141050000	5	140360000	140370000
5	141560000	141570000	5	141200000	141210000
5	141550000	141560000	5	141350000	141360000
5	141540000	141550000	5	141420000	141430000
5	141960000	141970000	5	141680000	141690000
1	84420000	84430000	1	84140000	84150000
1	84610000	84620000	1	84140000	84150000
5	151640000	151650000	5	151440000	151450000
5	154410000	154420000	5	154030000	154040000
5	154620000	154630000	5	154470000	154480000
5	154850000	154860000	5	154750000	154760000
1	11640000	11650000	1	11040000	11050000
5	157730000	157740000	5	157340000	157350000
5	159130000	159140000	5	157340000	157350000
5	163340000	163350000	5	161540000	161550000
5	163410000	163420000	5	161540000	161550000
5	170420000	170430000	5	170100000	170110000
5	170620000	170630000	5	170100000	170110000
1	86350000	86360000	1	85700000	85710000
5	171900000	171910000	5	171410000	171420000
5	173960000	173970000	5	173610000	173620000
5	174310000	174320000	5	173610000	173620000
5	174930000	174940000	5	174040000	174050000
5	174310000	174320000	5	174040000	174050000
6	70690000	70700000	6	70300000	70310000
6	70880000	70890000	6	70300000	70310000
6	71010000	71020000	6	70300000	70310000
1	11720000	11730000	1	11040000	11050000
1	86500000	86510000	1	86390000	86400000
6	20520000	20530000	6	20400000	20410000
6	27820000	27830000	6	26030000	26040000
6	27880000	27890000	6	26030000	26040000
6	27140000	27150000	6	26180000	26190000
6	27880000	27890000	6	27140000	27150000
6	30590000	30600000	6	30480000	30490000
6	31080000	31090000	6	30740000	30750000
6	34150000	34160000	6	33580000	33590000
6	35740000	35750000	6	35290000	35300000
6	2100000	2110000	6	1600000	1610000
6	2190000	2200000	6	1600000	1610000
6	2350000	2360000	6	1600000	1610000
6	3050000	3060000	6	1600000	1610000
6	2920000	2930000	6	2840000	2850000
1	89990000	90000000	1	88990000	89000000
6	7990000	8000000	6	7720000	7730000
6	8210000	8220000	6	7720000	7730000
1	89360000	89370000	1	88990000	89000000
1	89450000	89460000	1	88990000	89000000
1	89600000	89610000	1	88990000	89000000
1	89760000	89770000	1	88990000	89000000
6	17570000	17580000	6	17280000	17290000
6	42040000	42050000	6	41780000	41790000
6	42210000	42220000	6	41780000	41790000
6	42550000	42560000	6	41780000	41790000
6	49410000	49420000	6	47780000	47790000
6	48770000	48780000	6	47780000	47790000
6	51950000	51960000	6	50810000	50820000
6	52030000	52040000	6	50810000	50820000
6	52250000	52260000	6	50810000	50820000
6	52390000	52400000	6	50810000	50820000
6	52390000	52400000	6	52280000	52290000
6	52660000	52670000	6	52280000	52290000
6	53060000	53070000	6	52280000	52290000
1	92290000	92300000	1	91500000	91510000
6	100460000	100470000	6	99600000	99610000
6	75520000	75530000	6	75280000	75290000
1	93830000	93840000	1	93440000	93450000
6	83860000	83870000	6	82240000	82250000
6	83510000	83520000	6	83060000	83070000
6	84220000	84230000	6	83060000	83070000
6	90570000	90580000	6	88960000	88970000
6	89600000	89610000	6	89430000	89440000
6	90380000	90390000	6	90290000	90300000
6	112040000	112050000	6	111250000	111260000
6	111640000	111650000	6	111250000	111260000
6	116670000	116680000	6	116250000	116260000
6	119970000	119980000	6	119340000	119350000
6	122470000	122480000	6	122390000	122400000
6	125110000	125120000	6	123800000	123810000
6	127110000	127120000	6	125300000	125310000
6	125860000	125870000	6	125300000	125310000
6	125970000	125980000	6	125300000	125310000
6	133540000	133550000	6	132530000	132540000
6	133910000	133920000	6	132530000	132540000
6	134100000	134110000	6	132810000	132820000
6	140440000	140450000	6	139370000	139380000
6	140920000	140930000	6	139370000	139380000
6	143430000	143440000	6	142140000	142150000
6	145710000	145720000	6	144090000	144100000
6	145810000	145820000	6	145730000	145740000
6	148940000	148950000	6	148740000	148750000
6	157590000	157600000	6	157320000	157330000
6	157660000	157670000	6	157320000	157330000
1	107740000	107750000	1	107050000	107060000
6	159120000	159130000	6	159000000	159010000
6	159650000	159660000	6	159160000	159170000
1	107740000	107750000	1	107140000	107150000
7	1370000	1380000	7	1230000	1240000
7	2350000	2360000	7	1570000	1580000
7	2340000	2350000	7	2230000	2240000
7	12490000	12500000	7	11830000	11840000
1	150990000	151000000	1	150250000	150260000
7	21500000	21510000	7	20780000	20790000
7	22080000	22090000	7	20780000	20790000
1	153210000	153220000	1	152870000	152880000
7	27160000	27170000	7	26200000	26210000
1	153490000	153500000	1	153350000	153360000
7	27570000	27580000	7	27200000	27210000
7	27770000	27780000	7	27200000	27210000
7	27920000	27930000	7	27200000	27210000
1	155050000	155060000	1	154560000	154570000
7	43720000	43730000	7	42930000	42940000
7	43700000	43710000	7	43580000	43590000
7	43840000	43850000	7	43580000	43590000
7	44470000	44480000	7	44060000	44070000
7	44920000	44930000	7	44580000	44590000
7	45120000	45130000	7	44580000	44590000
1	157490000	157500000	1	157090000	157100000
7	45250000	45260000	7	45150000	45160000
7	49780000	49790000	7	47940000	47950000
7	49850000	49860000	7	47940000	47950000
7	51060000	51070000	7	50090000	50100000
7	51150000	51160000	7	50090000	50100000
7	94390000	94400000	7	93890000	93900000
7	94080000	94090000	7	93900000	93910000
7	94000000	94010000	7	93920000	93930000
7	98160000	98170000	7	97110000	97120000
7	100860000	100870000	7	100460000	100470000
7	100560000	100570000	7	100470000	100480000
7	102430000	102440000	7	100880000	100890000
7	101060000	101070000	7	100890000	100900000
7	102430000	102440000	7	101160000	101170000
7	106020000	106030000	7	105870000	105880000
7	107870000	107880000	7	107740000	107750000
7	130830000	130840000	7	130050000	130060000
7	135180000	135190000	7	134640000	134650000
7	135650000	135660000	7	134640000	134650000
7	135160000	135170000	7	134980000	134990000
7	138740000	138750000	7	138000000	138010000
1	161370000	161380000	1	161200000	161210000
7	139990000	140000000	7	139770000	139780000
7	140310000	140320000	7	140170000	140180000
1	161740000	161750000	1	161200000	161210000
7	111720000	111730000	7	111090000	111100000
7	116790000	116800000	7	116670000	116680000
7	121080000	121090000	7	120980000	120990000
7	121550000	121560000	7	120980000	120990000
7	121990000	122000000	7	120980000	120990000
1	163170000	163180000	1	162860000	162870000
1	182050000	182060000	1	181480000	181490000
1	182580000	182590000	1	182450000	182460000
1	182780000	182790000	1	182600000	182610000
8	38390000	38400000	8	37760000	37770000
8	38720000	38730000	8	38260000	38270000
8	42140000	42150000	8	42050000	42060000
8	42800000	42810000	8	42690000	42700000
8	43070000	43080000	8	42690000	42700000
8	48920000	48930000	8	47960000	47970000
8	54150000	54160000	8	53840000	53850000
1	185670000	185680000	1	185310000	185320000
8	22140000	22150000	8	21910000	21920000
8	23410000	23420000	8	23080000	23090000
8	24200000	24210000	8	23850000	23860000
8	27590000	27600000	8	27310000	27320000
8	27420000	27430000	8	27320000	27330000
8	31100000	31110000	8	30910000	30920000
8	31180000	31190000	8	30910000	30920000
8	56920000	56930000	8	56440000	56450000
1	193020000	193030000	1	192800000	192810000
1	194290000	194300000	1	193180000	193190000
8	128190000	128200000	8	127730000	127740000
8	128660000	128670000	8	127730000	127740000
8	129540000	129550000	8	127730000	127740000
8	134680000	134690000	8	132860000	132870000
8	134810000	134820000	8	134710000	134720000
8	140150000	140160000	8	139700000	139710000
8	141710000	141720000	8	141510000	141520000
8	142460000	142470000	8	141500000	141510000
8	121820000	121830000	8	121640000	121650000
8	124450000	124460000	8	122780000	122790000
8	124640000	124650000	8	122780000	122790000
8	124440000	124450000	8	123260000	123270000
8	74330000	74340000	8	73970000	73980000
8	80020000	80030000	8	79760000	79770000
8	80220000	80230000	8	80080000	80090000
8	90940000	90950000	8	90000000	90010000
8	91060000	91070000	8	90000000	90010000
8	95250000	95260000	8	94940000	94950000
8	95020000	95030000	8	94940000	94950000
8	97550000	97560000	8	96230000	96240000
8	99350000	99360000	8	98940000	98950000
8	100540000	100550000	8	100140000	100150000
8	102800000	102810000	8	102650000	102660000
8	109330000	109340000	8	108240000	108250000
8	108450000	108460000	8	108240000	108250000
8	109540000	109550000	8	108240000	108250000
9	4720000	4730000	9	2840000	2850000
9	5440000	5450000	9	5180000	5190000
9	5580000	5590000	9	5180000	5190000
9	26950000	26960000	9	26890000	26900000
1	172710000	172720000	1	172440000	172450000
9	98780000	98790000	9	97920000	97930000
9	98030000	98040000	9	97920000	97930000
9	98260000	98270000	9	97920000	97930000
9	101530000	101540000	9	101390000	101400000
9	89920000	89930000	9	89600000	89610000
9	129780000	129790000	9	129130000	129140000
9	130090000	130100000	9	129130000	129140000
9	129620000	129630000	9	129130000	129140000
9	130230000	130240000	9	129130000	129140000
9	131740000	131750000	9	131500000	131510000
9	132790000	132800000	9	132410000	132420000
9	133710000	133720000	9	133530000	133540000
9	135410000	135420000	9	135080000	135090000
9	136120000	136130000	9	135960000	135970000
9	136630000	136640000	9	136480000	136490000
9	113340000	113350000	9	111630000	111640000
9	113660000	113670000	9	113270000	113280000
9	113400000	113410000	9	113300000	113310000
9	114290000	114300000	9	114090000	114100000
9	122990000	123000000	9	122470000	122480000
9	124850000	124860000	9	124770000	124780000
9	125370000	125380000	9	124770000	124780000
10	52480000	52490000	10	52310000	52320000
10	5860000	5870000	10	4820000	4830000
10	8450000	8460000	10	8050000	8060000
10	17730000	17740000	10	17610000	17620000
10	22240000	22250000	10	22000000	22010000
10	22320000	22330000	10	22000000	22010000
10	28530000	28540000	10	27240000	27250000
10	34630000	34640000	10	33330000	33340000
10	35210000	35220000	10	35120000	35130000
10	35910000	35920000	10	35640000	35650000
10	62030000	62040000	10	61900000	61910000
10	63150000	63160000	10	62260000	62270000
10	71570000	71580000	10	71310000	71320000
10	71700000	71710000	10	71310000	71320000
10	71800000	71810000	10	71310000	71320000
10	71890000	71900000	10	71310000	71320000
10	71570000	71580000	10	71390000	71400000
1	181150000	181160000	1	181030000	181040000
10	98040000	98050000	10	97680000	97690000
10	100870000	100880000	10	100330000	100340000
10	103240000	103250000	10	102910000	102920000
10	79270000	79280000	10	78030000	78040000
1	200800000	200810000	1	200620000	200630000
10	79190000	79200000	10	79060000	79070000
10	88550000	88560000	10	87650000	87660000
10	88920000	88930000	10	87650000	87660000
10	89210000	89220000	10	87650000	87660000
10	88380000	88390000	10	87860000	87870000
10	89560000	89570000	10	89250000	89260000
10	90860000	90870000	10	89250000	89260000
10	128000000	128010000	10	127900000	127910000
10	128150000	128160000	10	127890000	127900000
10	128070000	128080000	10	127900000	127910000
1	202310000	202320000	1	202190000	202200000
10	110890000	110900000	10	110300000	110310000
1	202710000	202720000	1	202340000	202350000
10	119870000	119880000	10	119170000	119180000
10	119420000	119430000	10	119200000	119210000
10	124400000	124410000	10	123140000	123150000
10	124780000	124790000	10	123150000	123160000
1	204500000	204510000	1	203300000	203310000
11	59130000	59140000	11	57330000	57340000
11	57640000	57650000	11	57560000	57570000
11	59140000	59150000	11	57660000	57670000
11	59130000	59140000	11	58570000	58580000
11	70190000	70200000	11	69700000	69710000
11	70470000	70480000	11	69700000	69710000
1	204380000	204390000	1	203860000	203870000
1	204130000	204140000	1	203860000	203870000
11	22780000	22790000	11	22330000	22340000
1	204370000	204380000	1	204160000	204170000
11	28680000	28690000	11	27700000	27710000
11	33330000	33340000	11	33160000	33170000
11	33740000	33750000	11	33160000	33170000
11	35390000	35400000	11	34510000	34520000
11	36130000	36140000	11	35610000	35620000
11	36260000	36270000	11	35610000	35620000
11	36490000	36500000	11	35610000	35620000
11	36480000	36490000	11	36290000	36300000
11	4060000	4070000	11	3840000	3850000
11	5000000	5010000	11	4630000	4640000
11	5800000	5810000	11	4630000	4640000
11	6350000	6360000	11	4630000	4640000
11	14890000	14900000	11	14520000	14530000
11	17500000	17510000	11	17380000	17390000
11	17970000	17980000	11	17730000	17740000
11	18740000	18750000	11	18170000	18180000
1	206980000	206990000	1	206610000	206620000
1	207400000	207410000	1	207080000	207090000
11	76680000	76690000	11	76200000	76210000
11	77540000	77550000	11	77120000	77130000
11	78580000	78590000	11	77990000	78000000
11	78560000	78570000	11	78410000	78420000
11	102640000	102650000	11	102310000	102320000
11	107680000	107690000	11	107560000	107570000
11	107890000	107900000	11	107560000	107570000
11	108650000	108660000	11	107560000	107570000
11	108640000	108650000	11	107920000	107930000
11	108650000	108660000	11	108000000	108010000
1	19090000	19100000	1	18900000	18910000
1	209690000	209700000	1	209580000	209590000
11	108650000	108660000	11	108120000	108130000
11	111420000	111430000	11	111290000	111300000
11	118640000	118650000	11	118150000	118160000
11	121110000	121120000	11	120510000	120520000
11	121600000	121610000	11	120510000	120520000
11	121570000	121580000	11	121450000	121460000
11	126990000	127000000	11	126300000	126310000
11	130890000	130900000	11	129890000	129900000
1	211650000	211660000	1	211320000	211330000
12	21660000	21670000	12	21500000	21510000
12	27010000	27020000	12	26930000	26940000
12	27300000	27310000	12	27020000	27030000
12	29360000	29370000	12	27710000	27720000
12	32670000	32680000	12	31650000	31660000
12	2280000	2290000	12	2050000	2060000
12	2580000	2590000	12	2050000	2060000
12	3030000	3040000	12	2850000	2860000
12	9040000	9050000	12	8540000	8550000
12	9040000	9050000	12	8660000	8670000
12	14990000	15000000	12	14840000	14850000
12	15510000	15520000	12	14840000	14850000
12	57060000	57070000	12	56750000	56760000
12	56990000	57000000	12	56760000	56770000
12	64400000	64410000	12	63840000	63850000
12	66400000	66410000	12	66130000	66140000
12	66700000	66710000	12	66130000	66140000
12	68310000	68320000	12	68220000	68230000
12	49230000	49240000	12	49090000	49100000
12	49510000	49520000	12	49360000	49370000
12	50060000	50070000	12	49960000	49970000
12	50630000	50640000	12	50500000	50510000
12	51340000	51350000	12	51040000	51050000
12	51810000	51820000	12	51420000	51430000
12	54200000	54210000	12	54000000	54010000
12	55930000	55940000	12	55740000	55750000
12	55930000	55940000	12	55810000	55820000
12	75490000	75500000	12	75330000	75340000
12	76040000	76050000	12	75330000	75340000
12	76570000	76580000	12	75330000	75340000
12	75490000	75500000	12	75390000	75400000
12	84500000	84510000	12	82680000	82690000
12	91330000	91340000	12	91110000	91120000
12	110590000	110600000	12	110450000	110460000
12	110880000	110890000	12	110450000	110460000
12	110820000	110830000	12	110610000	110620000
12	111300000	111310000	12	110920000	110930000
12	113170000	113180000	12	113050000	113060000
12	117830000	117840000	12	117360000	117370000
1	237560000	237570000	1	236600000	236610000
12	119410000	119420000	12	118980000	118990000
12	120970000	120980000	12	120580000	120590000
12	121100000	121110000	12	120580000	120590000
12	122030000	122040000	12	121910000	121920000
12	122190000	122200000	12	121910000	121920000
12	123230000	123240000	12	122970000	122980000
12	126870000	126880000	12	125180000	125190000
12	128380000	128390000	12	128260000	128270000
12	130010000	130020000	12	128260000	128270000
12	93740000	93750000	12	93570000	93580000
12	94430000	94440000	12	94140000	94150000
12	94520000	94530000	12	94140000	94150000
12	94980000	94990000	12	94140000	94150000
12	95060000	95070000	12	94140000	94150000
12	100730000	100740000	12	100350000	100360000
1	242010000	242020000	1	241530000	241540000
12	108800000	108810000	12	108560000	108570000
12	108950000	108960000	12	108560000	108570000
12	109380000	109390000	12	109110000	109120000
13	58960000	58970000	13	57630000	57640000
13	59330000	59340000	13	57630000	57640000
13	59380000	59390000	13	57630000	57640000
13	38520000	38530000	13	37100000	37110000
13	38580000	38590000	13	37860000	37870000
1	244440000	244450000	1	243250000	243260000
13	51580000	51590000	13	51450000	51460000
13	20480000	20490000	13	20190000	20200000
13	20820000	20830000	13	20190000	20200000
1	246450000	246460000	1	245150000	245160000
1	246000000	246010000	1	245150000	245160000
1	246750000	246760000	1	245150000	245160000
13	33540000	33550000	13	32580000	32590000
13	33720000	33730000	13	32580000	32590000
13	36980000	36990000	13	36340000	36350000
13	79390000	79400000	13	78600000	78610000
13	108200000	108210000	13	106560000	106570000
13	109780000	109790000	13	108210000	108220000
14	24420000	24430000	14	24240000	24250000
14	24430000	24440000	14	24330000	24340000
14	32240000	32250000	14	32070000	32080000
1	4820000	4830000	1	4650000	4660000
1	221430000	221440000	1	220870000	220880000
14	45250000	45260000	14	45130000	45140000
14	50110000	50120000	14	49620000	49630000
14	49770000	49780000	14	49630000	49640000
14	50530000	50540000	14	49850000	49860000
1	223090000	223100000	1	222730000	222740000
14	54780000	54790000	14	54560000	54570000
14	54890000	54900000	14	54560000	54570000
14	56470000	56480000	14	55440000	55450000
14	57310000	57320000	14	55440000	55450000
14	59450000	59460000	14	58630000	58640000
14	62120000	62130000	14	61280000	61290000
14	65820000	65830000	14	65410000	65420000
1	224330000	224340000	1	224110000	224120000
14	65950000	65960000	14	65410000	65420000
1	224450000	224460000	1	224110000	224120000
14	92790000	92800000	14	92120000	92130000
14	101630000	101640000	14	100900000	100910000
14	102310000	102320000	14	101960000	101970000
14	103290000	103300000	14	103090000	103100000
14	75490000	75500000	14	75120000	75130000
14	77550000	77560000	14	77140000	77150000
1	227430000	227440000	1	226540000	226550000
14	81200000	81210000	14	80950000	80960000
14	89930000	89940000	14	88560000	88570000
14	91280000	91290000	14	89950000	89960000
15	25490000	25500000	15	23640000	23650000
15	34980000	34990000	15	34220000	34230000
15	39760000	39770000	15	38450000	38460000
15	38670000	38680000	15	38560000	38570000
15	40270000	40280000	15	39780000	39790000
15	40420000	40430000	15	40340000	40350000
15	41900000	41910000	15	41770000	41780000
15	42650000	42660000	15	42540000	42550000
15	47980000	47990000	15	47710000	47720000
15	52140000	52150000	15	51970000	51980000
1	231530000	231540000	1	231420000	231430000
15	65290000	65300000	15	65040000	65050000
15	65290000	65300000	15	65180000	65190000
15	66290000	66300000	15	65610000	65620000
15	73260000	73270000	15	72320000	72330000
15	74320000	74330000	15	73870000	73880000
15	88890000	88900000	15	88620000	88630000
15	89870000	89880000	15	89750000	89760000
15	90070000	90080000	15	89890000	89900000
15	91260000	91270000	15	90950000	90960000
15	92070000	92080000	15	90950000	90960000
15	101000000	101010000	15	100910000	100920000
15	101640000	101650000	15	101290000	101300000
16	22180000	22190000	16	22000000	22010000
16	22290000	22300000	16	22200000	22210000
1	23180000	23190000	1	23090000	23100000
16	30610000	30620000	16	30430000	30440000
16	46810000	46820000	16	46680000	46690000
16	50800000	50810000	16	50020000	50030000
16	53140000	53150000	16	53050000	53060000
16	53210000	53220000	16	53050000	53060000
16	54930000	54940000	16	54280000	54290000
1	235950000	235960000	1	235860000	235870000
16	6640000	6650000	16	6010000	6020000
16	14600000	14610000	16	13920000	13930000
16	57160000	57170000	16	56960000	56970000
1	23630000	23640000	1	23550000	23560000
16	58120000	58130000	16	58020000	58030000
16	58750000	58760000	16	58500000	58510000
16	67170000	67180000	16	66960000	66970000
16	68220000	68230000	16	67880000	67890000
16	69120000	69130000	16	68530000	68540000
16	69290000	69300000	16	68530000	68540000
16	69110000	69120000	16	68840000	68850000
16	75390000	75400000	16	74700000	74710000
16	75390000	75400000	16	75210000	75220000
16	77170000	77180000	16	75200000	75210000
16	77190000	77200000	16	75560000	75570000
16	77170000	77180000	16	75670000	75680000
16	83210000	83220000	16	82620000	82630000
16	84060000	84070000	16	83950000	83960000
16	84480000	84490000	16	83950000	83960000
16	87060000	87070000	16	86560000	86570000
16	87280000	87290000	16	86560000	86570000
16	87630000	87640000	16	86560000	86570000
16	88540000	88550000	16	87930000	87940000
17	28920000	28930000	17	28740000	28750000
17	30090000	30100000	17	29580000	29590000
2	6840000	6850000	2	5690000	5700000
17	40280000	40290000	17	40010000	40020000
17	41680000	41690000	17	40210000	40220000
17	41660000	41670000	17	40360000	40370000
17	49690000	49700000	17	49570000	49580000
17	49840000	49850000	17	49570000	49580000
17	2240000	2250000	17	2050000	2060000
17	4880000	4890000	17	4710000	4720000
17	6430000	6440000	17	5500000	5510000
17	7010000	7020000	17	6650000	6660000
17	7580000	7590000	17	7030000	7040000
17	7300000	7310000	17	7040000	7050000
17	9520000	9530000	17	8750000	8760000
17	14290000	14300000	17	13600000	13610000
17	17780000	17790000	17	17680000	17690000
17	17850000	17860000	17	17680000	17690000
17	56780000	56790000	17	56590000	56600000
17	56940000	56950000	17	56590000	56600000
17	57990000	58000000	17	57850000	57860000
17	66560000	66570000	17	66190000	66200000
17	67690000	67700000	17	67370000	67380000
17	68470000	68480000	17	67370000	67380000
17	72530000	72540000	17	72120000	72130000
17	74520000	74530000	17	74200000	74210000
17	76390000	76400000	17	76300000	76310000
2	10660000	10670000	2	10440000	10450000
18	2660000	2670000	18	2570000	2580000
2	11450000	11460000	2	10810000	10820000
18	3590000	3600000	18	3450000	3460000
2	11580000	11590000	2	10810000	10820000
18	10530000	10540000	18	9910000	9920000
2	11450000	11460000	2	11130000	11140000
18	13530000	13540000	18	13210000	13220000
2	11580000	11590000	2	11130000	11140000
18	23360000	23370000	18	23130000	23140000
2	11580000	11590000	2	11460000	11470000
2	13000000	13010000	2	11670000	11680000
18	58490000	58500000	18	58040000	58050000
1	5970000	5980000	1	4650000	4660000
18	62130000	62140000	18	61330000	61340000
18	62570000	62580000	18	62180000	62190000
18	62970000	62980000	18	62180000	62190000
18	63430000	63440000	18	62180000	62190000
18	62950000	62960000	18	62710000	62720000
18	63330000	63340000	18	62710000	62720000
18	63430000	63440000	18	62710000	62720000
18	73130000	73140000	18	72860000	72870000
18	45840000	45850000	18	45720000	45730000
18	48000000	48010000	18	47930000	47940000
18	50280000	50290000	18	49480000	49490000
18	55770000	55780000	18	55580000	55590000
2	16750000	16760000	2	15940000	15950000
19	33400000	33410000	19	33130000	33140000
19	33760000	33770000	19	33130000	33140000
19	35480000	35490000	19	35320000	35330000
19	38230000	38240000	19	37900000	37910000
19	38330000	38340000	19	37900000	37910000
19	38630000	38640000	19	38400000	38410000
19	39320000	39330000	19	39120000	39130000
19	41570000	41580000	19	41440000	41450000
19	41940000	41950000	19	41860000	41870000
19	45330000	45340000	19	45000000	45010000
19	46260000	46270000	19	46020000	46030000
19	48590000	48600000	19	48270000	48280000
19	50470000	50480000	19	50360000	50370000
19	1810000	1820000	19	1280000	1290000
19	9790000	9800000	19	9620000	9630000
19	10250000	10260000	19	9930000	9940000
19	10380000	10390000	19	9930000	9940000
19	15550000	15560000	19	15410000	15420000
19	16180000	16190000	19	15610000	15620000
19	16400000	16410000	19	15610000	15620000
19	19640000	19650000	19	19530000	19540000
19	19950000	19960000	19	19530000	19540000
20	20560000	20570000	20	20360000	20370000
20	25180000	25190000	20	24990000	25000000
20	25390000	25400000	20	24990000	25000000
20	31950000	31960000	20	31840000	31850000
2	20090000	20100000	2	20010000	20020000
20	1460000	1470000	20	1110000	1120000
20	4080000	4090000	20	3780000	3790000
2	21030000	21040000	2	20660000	20670000
2	21120000	21130000	2	20660000	20670000
2	21310000	21320000	2	21040000	21050000
20	15920000	15930000	20	14330000	14340000
20	17650000	17660000	20	17530000	17540000
20	56470000	56480000	20	56390000	56400000
20	58890000	58900000	20	57390000	57400000
20	59000000	59010000	20	58890000	58900000
20	61240000	61250000	20	59950000	59960000
20	38880000	38890000	20	38800000	38810000
20	44190000	44200000	20	43450000	43460000
2	25200000	25210000	2	24970000	24980000
20	44310000	44320000	20	44210000	44220000
20	44610000	44620000	20	44210000	44220000
20	44870000	44880000	20	44210000	44220000
20	45430000	45440000	20	45360000	45370000
20	45950000	45960000	20	45810000	45820000
20	48610000	48620000	20	47780000	47790000
20	50450000	50460000	20	50190000	50200000
2	26930000	26940000	2	26840000	26850000
21	44790000	44800000	21	44330000	44340000
21	25710000	25720000	21	25600000	25610000
21	27700000	27710000	21	26840000	26850000
21	31070000	31080000	21	30340000	30350000
21	31600000	31610000	21	30340000	30350000
21	31600000	31610000	21	30820000	30830000
21	33330000	33340000	21	33220000	33230000
22	24510000	24520000	22	24420000	24430000
22	25040000	25050000	22	24770000	24780000
22	30380000	30390000	22	30280000	30290000
22	40030000	40040000	22	39150000	39160000
22	40340000	40350000	22	39530000	39540000
22	42450000	42460000	22	41960000	41970000
X	65530000	65540000	X	63750000	63760000
X	69150000	69160000	X	68820000	68830000
X	69220000	69230000	X	68820000	68830000
X	69280000	69290000	X	68820000	68830000
X	69380000	69390000	X	68820000	68830000
X	38880000	38890000	X	38800000	38810000
X	45050000	45060000	X	44870000	44880000
X	47370000	47380000	X	47210000	47220000
X	48570000	48580000	X	48070000	48080000
2	33580000	33590000	2	33470000	33480000
X	11130000	11140000	X	10620000	10630000
X	79260000	79270000	X	78130000	78140000
X	104150000	104160000	X	103680000	103690000
2	36500000	36510000	2	36350000	36360000
X	107780000	107790000	X	107000000	107010000
2	36650000	36660000	2	36350000	36360000
X	112630000	112640000	X	111870000	111880000
2	57500000	57510000	2	56180000	56190000
1	30700000	30710000	1	29230000	29240000
1	30780000	30790000	1	29230000	29240000
