chr	start	end	targetChr	targetStart	targetEnd
1	3910000	3920000	1	4650000	4660000
17	12180000	12190000	17	12660000	12670000
17	12250000	12260000	17	12660000	12670000
17	15250000	15260000	17	15990000	16000000
17	17670000	17680000	17	18030000	18040000
17	38980000	38990000	17	39160000	39170000
17	40010000	40020000	17	40280000	40290000
17	40020000	40030000	17	40170000	40180000
17	40910000	40920000	17	41310000	41320000
17	43940000	43950000	17	44340000	44350000
17	44200000	44210000	17	44340000	44350000
17	48020000	48030000	17	48610000	48620000
17	48330000	48340000	17	48590000	48600000
17	49560000	49570000	17	49990000	50000000
17	49570000	49580000	17	49840000	49850000
17	49860000	49870000	17	49990000	50000000
17	50990000	51000000	17	51150000	51160000
17	57120000	57130000	17	58000000	58010000
17	57130000	57140000	17	57740000	57750000
2	1860000	1870000	2	3650000	3660000
17	57240000	57250000	17	57740000	57750000
17	60720000	60730000	17	61390000	61400000
17	62700000	62710000	17	62960000	62970000
17	63420000	63430000	17	63600000	63610000
17	64030000	64040000	17	64130000	64140000
17	68050000	68060000	17	68450000	68460000
17	72980000	72990000	17	73160000	73170000
17	73430000	73440000	17	73640000	73650000
17	29630000	29640000	17	29930000	29940000
17	30120000	30130000	17	30820000	30830000
17	34200000	34210000	17	34350000	34360000
17	34420000	34430000	17	35110000	35120000
17	34410000	34420000	17	35530000	35540000
17	34540000	34550000	17	35120000	35130000
17	35160000	35170000	17	35530000	35540000
17	35310000	35320000	17	35530000	35540000
17	36620000	36630000	17	37370000	37380000
17	74200000	74210000	17	74530000	74540000
17	74210000	74220000	17	74360000	74370000
17	74210000	74220000	17	74460000	74470000
17	74370000	74380000	17	74460000	74470000
17	75310000	75320000	17	75400000	75410000
17	75780000	75790000	17	76730000	76740000
17	78860000	78870000	17	78970000	78980000
18	2770000	2780000	18	3240000	3250000
18	2930000	2940000	18	3240000	3250000
18	2990000	3000000	18	3240000	3250000
18	3280000	3290000	18	3450000	3460000
18	9960000	9970000	18	10520000	10530000
18	42110000	42120000	18	43270000	43280000
18	42290000	42300000	18	43270000	43280000
18	42590000	42600000	18	43270000	43280000
18	45670000	45680000	18	46070000	46080000
18	45930000	45940000	18	46070000	46080000
18	46150000	46160000	18	46650000	46660000
1	44720000	44730000	1	45490000	45500000
2	7720000	7730000	2	8680000	8690000
18	49480000	49490000	18	50280000	50290000
18	57630000	57640000	18	58040000	58050000
18	58530000	58540000	18	58670000	58680000
2	9810000	9820000	2	10040000	10050000
18	61630000	61640000	18	61890000	61900000
18	63130000	63140000	18	63310000	63320000
18	64030000	64040000	18	65750000	65760000
1	44790000	44800000	1	45490000	45500000
18	64110000	64120000	18	65750000	65760000
18	67220000	67230000	18	67510000	67520000
18	68700000	68710000	18	70200000	70210000
18	74190000	74200000	18	74490000	74500000
18	74600000	74610000	18	76490000	76500000
1	45010000	45020000	1	45490000	45500000
18	79380000	79390000	18	79950000	79960000
19	37900000	37910000	19	38330000	38340000
19	38240000	38250000	19	38330000	38340000
19	38400000	38410000	19	38930000	38940000
19	39110000	39120000	19	39530000	39540000
19	39120000	39130000	19	39320000	39330000
19	41440000	41450000	19	41570000	41580000
19	42100000	42110000	19	42420000	42430000
19	42110000	42120000	19	42300000	42310000
19	46280000	46290000	19	46490000	46500000
19	46390000	46400000	19	46490000	46500000
19	50350000	50360000	19	50780000	50790000
19	50350000	50360000	19	50910000	50920000
19	50360000	50370000	19	50470000	50480000
19	50530000	50540000	19	50780000	50790000
19	54480000	54490000	19	54660000	54670000
19	55510000	55520000	19	55620000	55630000
19	1280000	1290000	19	1810000	1820000
19	2960000	2970000	19	3170000	3180000
19	8650000	8660000	19	9080000	9090000
2	11830000	11840000	2	12710000	12720000
19	9930000	9940000	19	10380000	10390000
19	10260000	10270000	19	10380000	10390000
19	13880000	13890000	19	14060000	14070000
19	15610000	15620000	19	16180000	16190000
19	16050000	16060000	19	16170000	16180000
19	16770000	16780000	19	17280000	17290000
19	17430000	17440000	19	17850000	17860000
19	19530000	19540000	19	19640000	19650000
19	34310000	34320000	19	35490000	35500000
19	57110000	57120000	19	58150000	58160000
19	57400000	57410000	19	58150000	58160000
19	58020000	58030000	19	58150000	58160000
20	22330000	22340000	20	23040000	23050000
20	22330000	22340000	20	23630000	23640000
20	24990000	25000000	20	25390000	25400000
20	25290000	25300000	20	25400000	25410000
20	31850000	31860000	20	31950000	31960000
20	32900000	32910000	20	33000000	33010000
20	33440000	33450000	20	34110000	34120000
20	34180000	34190000	20	34510000	34520000
20	34310000	34320000	20	34510000	34520000
20	34540000	34550000	20	34700000	34710000
20	37400000	37410000	20	37520000	37530000
20	38640000	38650000	20	38740000	38750000
20	39270000	39280000	20	40680000	40690000
20	41730000	41740000	20	43180000	43190000
20	44210000	44220000	20	44310000	44320000
20	45800000	45810000	20	46400000	46410000
20	46010000	46020000	20	46680000	46690000
20	46130000	46140000	20	46680000	46690000
2	16630000	16640000	2	17810000	17820000
20	50800000	50810000	20	50930000	50940000
20	350000	360000	20	650000	660000
20	1120000	1130000	20	1460000	1470000
20	4110000	4120000	20	4720000	4730000
20	4610000	4620000	20	4720000	4730000
20	5540000	5550000	20	6000000	6010000
20	6640000	6650000	20	6760000	6770000
20	10100000	10110000	20	10430000	10440000
20	16040000	16050000	20	17960000	17970000
20	57380000	57390000	20	57490000	57500000
20	62010000	62020000	20	62140000	62150000
20	62010000	62020000	20	62380000	62390000
20	62180000	62190000	20	62380000	62390000
20	62300000	62310000	20	62800000	62810000
20	62390000	62400000	20	62800000	62810000
20	62500000	62510000	20	62790000	62800000
20	62660000	62670000	20	62790000	62800000
21	40460000	40470000	21	40840000	40850000
2	39910000	39920000	2	40450000	40460000
21	33930000	33940000	21	34070000	34080000
21	36140000	36150000	21	36320000	36330000
22	23890000	23900000	22	24550000	24560000
22	26370000	26380000	22	27800000	27810000
22	26680000	26690000	22	27800000	27810000
22	27400000	27410000	22	27800000	27810000
2	42820000	42830000	2	43590000	43600000
22	29620000	29630000	22	30080000	30090000
22	30100000	30110000	22	30260000	30270000
22	30280000	30290000	22	30380000	30390000
22	36530000	36540000	22	36770000	36780000
22	36540000	36550000	22	37180000	37190000
22	38050000	38060000	22	38570000	38580000
22	39160000	39170000	22	39310000	39320000
22	39530000	39540000	22	40340000	40350000
2	42950000	42960000	2	43220000	43230000
22	40920000	40930000	22	41240000	41250000
22	41690000	41700000	22	41940000	41950000
22	41820000	41830000	22	41940000	41950000
2	43130000	43140000	2	43220000	43230000
22	45270000	45280000	22	45970000	45980000
22	45440000	45450000	22	45970000	45980000
22	45570000	45580000	22	45970000	45980000
22	45640000	45650000	22	45970000	45980000
22	49930000	49940000	22	50200000	50210000
22	50250000	50260000	22	50620000	50630000
X	63750000	63760000	X	65530000	65540000
X	64200000	64210000	X	65530000	65540000
X	19370000	19380000	X	20110000	20120000
X	23680000	23690000	X	24050000	24060000
X	30570000	30580000	X	30880000	30890000
X	6020000	6030000	X	7920000	7930000
X	7990000	8000000	X	8730000	8740000
X	7990000	8000000	X	8800000	8810000
X	9340000	9350000	X	9460000	9470000
X	10250000	10260000	X	11110000	11120000
X	11530000	11540000	X	12900000	12910000
X	12940000	12950000	X	14020000	14030000
X	13510000	13520000	X	14020000	14030000
X	13510000	13520000	X	15310000	15320000
X	13660000	13670000	X	14020000	14030000
X	13750000	13760000	X	14020000	14030000
X	14050000	14060000	X	14520000	14530000
X	18250000	18260000	X	18350000	18360000
1	47430000	47440000	1	48220000	48230000
X	47210000	47220000	X	47370000	47380000
X	47840000	47850000	X	48470000	48480000
X	48070000	48080000	X	48570000	48580000
X	54030000	54040000	X	54530000	54540000
X	54030000	54040000	X	54440000	54450000
X	110450000	110460000	X	111090000	111100000
X	119500000	119510000	X	119750000	119760000
X	100670000	100680000	X	101290000	101300000
X	103530000	103540000	X	104110000	104120000
X	103680000	103690000	X	104150000	104160000
X	107540000	107550000	X	107770000	107780000
X	107650000	107660000	X	107770000	107780000
X	80800000	80810000	X	81200000	81210000
X	129610000	129620000	X	129900000	129910000
X	131850000	131860000	X	132210000	132220000
X	134170000	134180000	X	134370000	134380000
X	136010000	136020000	X	136490000	136500000
X	136220000	136230000	X	136490000	136500000
X	138770000	138780000	X	139960000	139970000
X	140800000	140810000	X	141170000	141180000
X	151500000	151510000	X	152630000	152640000
X	151750000	151760000	X	152630000	152640000
X	152950000	152960000	X	153510000	153520000
X	152950000	152960000	X	153940000	153950000
X	152950000	152960000	X	154430000	154440000
X	153760000	153770000	X	153940000	153950000
2	59880000	59890000	2	60550000	60560000
2	68460000	68470000	2	70290000	70300000
2	69730000	69740000	2	70290000	70300000
2	69900000	69910000	2	70290000	70300000
2	69900000	69910000	2	70970000	70980000
2	71290000	71300000	2	72140000	72150000
2	71540000	71550000	2	72140000	72150000
1	50370000	50380000	1	51990000	52000000
2	23820000	23830000	2	24080000	24090000
1	4170000	4180000	1	4650000	4660000
2	26960000	26970000	2	27280000	27290000
2	27100000	27110000	2	27280000	27290000
2	28590000	28600000	2	28750000	28760000
2	32270000	32280000	2	33590000	33600000
1	50960000	50970000	1	51870000	51880000
2	84480000	84490000	2	84880000	84890000
1	53480000	53490000	1	54800000	54810000
1	53860000	53870000	1	54800000	54810000
2	103960000	103970000	2	104850000	104860000
2	104030000	104040000	2	104850000	104860000
1	54060000	54070000	1	54400000	54410000
2	132540000	132550000	2	133560000	133570000
1	54940000	54950000	1	56810000	56820000
2	151810000	151820000	2	152710000	152720000
2	152040000	152050000	2	152170000	152180000
2	158030000	158040000	2	158450000	158460000
2	189790000	189800000	2	190060000	190070000
2	189770000	189780000	2	191010000	191020000
1	56410000	56420000	1	56570000	56580000
2	195320000	195330000	2	195650000	195660000
2	195660000	195670000	2	196060000	196070000
1	56820000	56830000	1	58540000	58550000
2	198310000	198320000	2	199850000	199860000
2	199960000	199970000	2	200810000	200820000
2	199960000	199970000	2	201070000	201080000
2	200900000	200910000	2	201070000	201080000
2	201240000	201250000	2	201640000	201650000
2	201240000	201250000	2	201780000	201790000
2	208260000	208270000	2	210170000	210180000
2	212680000	212690000	2	213150000	213160000
2	212770000	212780000	2	213150000	213160000
1	58780000	58790000	1	59290000	59300000
2	164990000	165000000	2	166120000	166130000
2	165130000	165140000	2	165200000	165210000
2	165400000	165410000	2	166120000	166130000
2	168150000	168160000	2	168240000	168250000
1	6240000	6250000	1	6420000	6430000
2	169110000	169120000	2	170810000	170820000
2	169930000	169940000	2	170810000	170820000
2	170230000	170240000	2	170810000	170820000
2	170320000	170330000	2	170810000	170820000
2	173750000	173760000	2	174330000	174340000
2	175030000	175040000	2	176090000	176100000
2	175110000	175120000	2	176090000	176100000
2	175230000	175240000	2	176090000	176100000
2	175300000	175310000	2	176090000	176100000
2	175360000	175370000	2	176090000	176100000
2	181300000	181310000	2	181450000	181460000
2	217780000	217790000	2	218060000	218070000
2	218280000	218290000	2	218650000	218660000
2	218290000	218300000	2	218380000	218390000
2	220680000	220690000	2	221570000	221580000
2	222650000	222660000	2	224580000	224590000
2	222970000	222980000	2	223600000	223610000
2	227890000	227900000	2	229710000	229720000
2	228680000	228690000	2	229710000	229720000
2	228690000	228700000	2	229270000	229280000
2	231610000	231620000	2	231700000	231710000
2	232600000	232610000	2	233710000	233720000
2	234280000	234290000	2	234490000	234500000
2	235770000	235780000	2	237560000	237570000
2	237150000	237160000	2	237560000	237570000
2	238360000	238370000	2	240140000	240150000
2	239030000	239040000	2	240140000	240150000
2	240150000	240160000	2	240430000	240440000
2	240230000	240240000	2	240430000	240440000
3	1270000	1280000	3	3170000	3180000
3	11380000	11390000	3	11640000	11650000
3	15180000	15190000	3	16170000	16180000
3	15620000	15630000	3	16170000	16180000
3	15820000	15830000	3	16170000	16180000
3	56700000	56710000	3	56800000	56810000
3	58180000	58190000	3	58300000	58310000
3	58180000	58190000	3	58530000	58540000
3	58310000	58320000	3	58530000	58540000
3	58640000	58650000	3	59050000	59060000
3	62200000	62210000	3	63810000	63820000
3	62330000	62340000	3	63810000	63820000
3	62620000	62630000	3	63810000	63820000
3	63350000	63360000	3	63810000	63820000
3	66230000	66240000	3	66990000	67000000
3	67900000	67910000	3	68000000	68010000
3	71000000	71010000	3	71580000	71590000
3	72850000	72860000	3	73060000	73070000
3	72930000	72940000	3	73060000	73070000
3	19940000	19950000	3	20180000	20190000
3	20040000	20050000	3	20180000	20190000
1	64870000	64880000	1	64960000	64970000
3	31220000	31230000	3	31530000	31540000
3	32510000	32520000	3	33790000	33800000
3	32720000	32730000	3	33790000	33800000
3	39100000	39110000	3	39280000	39290000
3	39190000	39200000	3	39280000	39290000
3	39430000	39440000	3	40310000	40320000
3	40190000	40200000	3	40310000	40320000
3	41950000	41960000	3	42090000	42100000
3	45940000	45950000	3	46370000	46380000
3	48270000	48280000	3	48430000	48440000
3	50350000	50360000	3	51380000	51390000
3	50350000	50360000	3	51970000	51980000
3	51500000	51510000	3	51670000	51680000
3	53120000	53130000	3	53880000	53890000
3	99820000	99830000	3	101570000	101580000
3	99820000	99830000	3	101770000	101780000
3	88020000	88030000	3	88140000	88150000
3	88200000	88210000	3	89100000	89110000
3	111700000	111710000	3	111970000	111980000
3	112120000	112130000	3	113530000	113540000
3	113840000	113850000	3	114050000	114060000
3	113940000	113950000	3	114050000	114060000
3	116770000	116780000	3	117990000	118000000
3	121550000	121560000	3	122680000	122690000
3	122390000	122400000	3	122680000	122690000
1	70130000	70140000	1	71040000	71050000
3	126130000	126140000	3	126390000	126400000
3	126510000	126520000	3	126980000	126990000
3	126670000	126680000	3	126980000	126990000
3	126750000	126760000	3	126980000	126990000
3	128080000	128090000	3	128490000	128500000
1	70520000	70530000	1	71040000	71050000
3	129160000	129170000	3	129240000	129250000
1	70680000	70690000	1	71040000	71050000
3	130750000	130760000	3	130890000	130900000
3	130760000	130770000	3	132030000	132040000
3	131220000	131230000	3	132030000	132040000
3	132720000	132730000	3	134480000	134490000
3	133660000	133670000	3	134480000	134490000
3	133810000	133820000	3	134480000	134490000
3	134200000	134210000	3	134480000	134490000
3	136070000	136080000	3	136750000	136760000
3	138170000	138180000	3	139380000	139390000
3	138580000	138590000	3	139340000	139350000
1	19910000	19920000	1	20630000	20640000
3	141580000	141590000	3	141730000	141740000
3	142020000	142030000	3	143000000	143010000
1	21220000	21230000	1	22630000	22640000
3	179010000	179020000	3	179560000	179570000
3	179590000	179600000	3	180600000	180610000
3	179650000	179660000	3	180600000	180610000
3	180600000	180610000	3	180910000	180920000
3	185660000	185670000	3	186610000	186620000
3	185970000	185980000	3	186610000	186620000
3	185960000	185970000	3	186800000	186810000
3	185970000	185980000	3	186540000	186550000
3	185970000	185980000	3	187700000	187710000
3	186250000	186260000	3	186540000	186550000
1	22120000	22130000	1	22640000	22650000
1	22420000	22430000	1	22640000	22650000
3	193780000	193790000	3	194130000	194140000
3	196830000	196840000	3	196960000	196970000
3	154310000	154320000	3	155870000	155880000
3	156680000	156690000	3	156820000	156830000
1	25500000	25510000	1	25800000	25810000
4	2760000	2770000	4	2930000	2940000
4	3110000	3120000	4	3460000	3470000
4	3340000	3350000	4	3440000	3450000
4	6890000	6900000	4	7060000	7070000
4	10580000	10590000	4	11420000	11430000
4	13640000	13650000	4	15000000	15010000
4	15000000	15010000	4	15650000	15660000
4	38060000	38070000	4	38860000	38870000
4	38320000	38330000	4	38660000	38670000
4	38760000	38770000	4	38860000	38870000
4	39460000	39470000	4	39970000	39980000
4	39690000	39700000	4	39970000	39980000
4	40920000	40930000	4	41210000	41220000
4	46840000	46850000	4	47030000	47040000
4	52370000	52380000	4	54220000	54230000
4	53910000	53920000	4	54220000	54230000
4	56420000	56430000	4	56820000	56830000
4	73070000	73080000	4	73250000	73260000
4	73660000	73670000	4	73860000	73870000
4	21790000	21800000	4	22690000	22700000
4	22400000	22410000	4	22690000	22700000
4	24480000	24490000	4	25370000	25380000
4	77240000	77250000	4	77600000	77610000
4	78630000	78640000	4	78770000	78780000
4	80610000	80620000	4	81030000	81040000
4	82900000	82910000	4	83010000	83020000
4	84750000	84760000	4	84960000	84970000
4	86500000	86510000	4	86890000	86900000
4	86490000	86500000	4	87830000	87840000
4	86910000	86920000	4	88000000	88010000
4	87850000	87860000	4	87970000	87980000
4	89230000	89240000	4	89890000	89900000
4	89440000	89450000	4	89890000	89900000
4	110620000	110630000	4	112510000	112520000
4	113540000	113550000	4	113760000	113770000
1	35450000	35460000	1	35550000	35560000
4	116180000	116190000	4	118030000	118040000
4	118770000	118780000	4	118880000	118890000
4	120060000	120070000	4	121800000	121810000
4	121890000	121900000	4	122920000	122930000
4	124330000	124340000	4	124710000	124720000
4	99810000	99820000	4	99940000	99950000
4	102430000	102440000	4	103090000	103100000
4	102620000	102630000	4	103090000	103100000
4	104930000	104940000	4	105470000	105480000
4	105130000	105140000	4	105470000	105480000
4	105140000	105150000	4	106310000	106320000
4	105700000	105710000	4	106310000	106320000
4	106310000	106320000	4	107720000	107730000
4	108010000	108020000	4	109810000	109820000
4	108660000	108670000	4	109810000	109820000
4	109420000	109430000	4	109810000	109820000
4	109700000	109710000	4	109810000	109820000
4	127960000	127970000	4	128060000	128070000
4	128280000	128290000	4	129090000	129100000
4	128570000	128580000	4	128800000	128810000
4	139730000	139740000	4	140150000	140160000
4	141310000	141320000	4	142840000	142850000
4	142120000	142130000	4	142840000	142850000
4	145220000	145230000	4	145610000	145620000
4	145230000	145240000	4	145480000	145490000
4	163490000	163500000	4	165320000	165330000
1	111480000	111490000	1	111750000	111760000
1	112380000	112390000	1	112700000	112710000
1	112710000	112720000	1	113070000	113080000
4	177310000	177320000	4	177440000	177450000
4	184260000	184270000	4	184640000	184650000
4	184260000	184270000	4	184730000	184740000
4	154800000	154810000	4	155370000	155380000
4	161320000	161330000	4	162160000	162170000
4	162500000	162510000	4	163470000	163480000
5	56890000	56900000	5	58460000	58470000
1	116140000	116150000	1	117120000	117130000
5	57780000	57790000	5	58460000	58470000
5	62440000	62450000	5	63960000	63970000
5	64220000	64230000	5	65480000	65490000
5	64630000	64640000	5	65480000	65490000
5	64810000	64820000	5	65480000	65490000
1	118150000	118160000	1	119360000	119370000
5	64960000	64970000	5	65480000	65490000
5	73310000	73320000	5	73440000	73450000
5	2750000	2760000	5	3590000	3600000
5	5490000	5500000	5	6440000	6450000
5	6760000	6770000	5	7860000	7870000
5	7890000	7900000	5	9540000	9550000
1	92310000	92320000	1	92480000	92490000
5	40370000	40380000	5	40670000	40680000
5	40500000	40510000	5	40670000	40680000
5	43510000	43520000	5	44800000	44810000
5	33430000	33440000	5	33930000	33940000
5	33440000	33450000	5	34920000	34930000
5	34010000	34020000	5	34910000	34920000
5	34480000	34490000	5	35930000	35940000
5	34930000	34940000	5	36150000	36160000
5	34940000	34950000	5	35930000	35940000
5	35080000	35090000	5	35930000	35940000
5	35190000	35200000	5	35930000	35940000
1	94050000	94060000	1	94230000	94240000
5	106260000	106270000	5	107670000	107680000
5	109400000	109410000	5	109680000	109690000
1	2420000	2430000	1	2800000	2810000
5	112860000	112870000	5	112970000	112980000
5	112990000	113000000	5	113510000	113520000
5	126340000	126350000	5	126600000	126610000
5	127890000	127900000	5	128080000	128090000
5	131170000	131180000	5	131260000	131270000
5	131580000	131590000	5	132060000	132070000
5	132070000	132080000	5	132810000	132820000
5	132380000	132390000	5	132810000	132820000
5	135460000	135470000	5	135830000	135840000
5	137320000	137330000	5	138130000	138140000
5	137630000	137640000	5	138130000	138140000
5	137770000	137780000	5	138130000	138140000
5	140370000	140380000	5	140640000	140650000
5	141680000	141690000	5	141960000	141970000
5	143000000	143010000	5	144170000	144180000
5	143390000	143400000	5	143810000	143820000
5	73570000	73580000	5	74760000	74770000
5	73810000	73820000	5	74640000	74650000
5	73900000	73910000	5	74640000	74650000
5	74680000	74690000	5	74760000	74770000
5	80160000	80170000	5	80250000	80260000
5	150450000	150460000	5	150700000	150710000
5	150450000	150460000	5	150840000	150850000
5	150560000	150570000	5	150840000	150850000
5	150780000	150790000	5	151220000	151230000
5	154750000	154760000	5	154850000	154860000
5	157340000	157350000	5	157730000	157740000
1	107780000	107790000	1	107960000	107970000
5	159290000	159300000	5	159910000	159920000
5	159440000	159450000	5	159910000	159920000
5	168270000	168280000	5	169300000	169310000
5	168490000	168500000	5	168570000	168580000
5	168680000	168690000	5	169300000	169310000
5	168980000	168990000	5	169300000	169310000
5	169700000	169710000	5	169980000	169990000
5	171400000	171410000	5	172180000	172190000
5	172100000	172110000	5	172280000	172290000
5	178220000	178230000	5	179680000	179690000
6	20120000	20130000	6	20210000	20220000
6	26030000	26040000	6	27820000	27830000
6	26040000	26050000	6	27140000	27150000
6	26120000	26130000	6	27140000	27150000
6	26180000	26190000	6	27140000	27150000
6	29020000	29030000	6	29580000	29590000
6	33760000	33770000	6	34140000	34150000
6	35300000	35310000	6	35450000	35460000
6	35580000	35590000	6	35730000	35740000
6	36610000	36620000	6	37000000	37010000
6	36760000	36770000	6	37000000	37010000
6	3130000	3140000	6	3250000	3260000
6	11590000	11600000	6	12290000	12300000
1	77150000	77160000	1	77680000	77690000
6	12630000	12640000	6	13320000	13330000
6	13330000	13340000	6	13610000	13620000
6	14210000	14220000	6	15240000	15250000
6	15690000	15700000	6	16120000	16130000
6	17150000	17160000	6	18120000	18130000
6	17830000	17840000	6	18120000	18130000
6	39350000	39360000	6	40580000	40590000
6	39350000	39360000	6	41040000	41050000
6	39860000	39870000	6	41040000	41050000
6	39970000	39980000	6	41040000	41050000
6	41780000	41790000	6	42050000	42060000
6	41780000	41790000	6	42210000	42220000
6	42240000	42250000	6	42870000	42880000
6	42660000	42670000	6	42870000	42880000
6	44100000	44110000	6	44240000	44250000
1	83910000	83920000	1	85250000	85260000
6	46850000	46860000	6	47300000	47310000
6	52280000	52290000	6	52990000	53000000
6	52280000	52290000	6	53060000	53070000
6	52410000	52420000	6	53060000	53070000
6	52660000	52670000	6	53060000	53070000
6	73850000	73860000	6	75200000	75210000
6	73970000	73980000	6	75200000	75210000
6	74090000	74100000	6	75200000	75210000
6	74750000	74760000	6	75200000	75210000
6	75860000	75870000	6	77460000	77470000
6	79070000	79080000	6	79230000	79240000
6	80740000	80750000	6	81750000	81760000
1	84940000	84950000	1	85250000	85260000
6	82260000	82270000	6	83510000	83520000
6	83070000	83080000	6	83510000	83520000
6	83070000	83080000	6	84220000	84230000
6	83210000	83220000	6	84220000	84230000
6	83220000	83230000	6	83510000	83520000
6	83520000	83530000	6	84220000	84230000
1	85270000	85280000	1	86910000	86920000
6	83870000	83880000	6	84220000	84230000
6	110680000	110690000	6	110950000	110960000
1	85300000	85310000	1	86150000	86160000
6	116000000	116010000	6	116100000	116110000
6	116280000	116290000	6	116540000	116550000
6	117340000	117350000	6	117600000	117610000
6	117450000	117460000	6	117600000	117610000
6	122390000	122400000	6	122470000	122480000
6	125770000	125780000	6	127110000	127120000
6	126000000	126010000	6	127110000	127120000
6	136640000	136650000	6	136790000	136800000
6	137710000	137720000	6	137860000	137870000
6	142150000	142160000	6	143840000	143850000
6	142750000	142760000	6	142940000	142950000
6	145730000	145740000	6	145810000	145820000
6	92800000	92810000	6	93410000	93420000
6	96620000	96630000	6	96890000	96900000
1	88980000	88990000	1	89990000	90000000
6	99600000	99610000	6	100460000	100470000
1	88990000	89000000	1	89360000	89370000
6	105480000	105490000	6	106080000	106090000
6	106690000	106700000	6	106970000	106980000
1	89080000	89090000	1	89360000	89370000
6	108540000	108550000	6	109380000	109390000
6	109190000	109200000	6	109380000	109390000
6	148580000	148590000	6	148740000	148750000
6	150420000	150430000	6	150590000	150600000
6	151390000	151400000	6	152980000	152990000
6	155320000	155330000	6	156770000	156780000
6	156690000	156700000	6	156770000	156780000
7	54750000	54760000	7	56100000	56110000
7	69410000	69420000	7	69590000	69600000
7	40230000	40240000	7	41700000	41710000
7	40330000	40340000	7	41700000	41710000
7	40830000	40840000	7	41700000	41710000
7	44060000	44070000	7	45110000	45120000
7	50210000	50220000	7	50300000	50310000
7	1570000	1580000	7	2350000	2360000
1	151440000	151450000	1	151830000	151840000
1	152650000	152660000	1	153210000	153220000
1	152870000	152880000	1	153210000	153220000
7	23270000	23280000	7	23530000	23540000
7	23940000	23950000	7	24280000	24290000
1	153510000	153520000	1	153980000	153990000
7	25860000	25870000	7	27170000	27180000
7	26070000	26080000	7	27160000	27170000
7	26190000	26200000	7	27160000	27170000
7	26370000	26380000	7	27160000	27170000
7	26670000	26680000	7	27160000	27170000
7	26850000	26860000	7	27150000	27160000
1	153670000	153680000	1	153970000	153980000
1	153790000	153800000	1	153970000	153980000
1	154560000	154570000	1	155050000	155060000
7	35710000	35720000	7	35800000	35810000
1	156380000	156390000	1	156610000	156620000
1	156470000	156480000	1	156590000	156600000
7	85040000	85050000	7	85180000	85190000
1	157580000	157590000	1	158120000	158130000
7	87220000	87230000	7	87870000	87880000
7	112200000	112210000	7	112450000	112460000
1	157970000	157980000	1	159000000	159010000
1	157970000	157980000	1	159070000	159080000
7	116260000	116270000	7	116520000	116530000
7	119270000	119280000	7	120270000	120280000
7	119930000	119940000	7	120270000	120280000
1	15130000	15140000	1	15430000	15440000
1	158640000	158650000	1	159000000	159010000
7	131090000	131100000	7	131320000	131330000
7	132320000	132330000	7	132570000	132580000
7	132390000	132400000	7	132570000	132580000
7	134650000	134660000	7	135170000	135180000
7	134650000	134660000	7	135970000	135980000
1	160830000	160840000	1	160950000	160960000
7	137900000	137910000	7	138000000	138010000
1	161200000	161210000	1	161740000	161750000
1	161400000	161410000	1	161740000	161750000
7	92610000	92620000	7	92830000	92840000
1	15320000	15330000	1	15430000	15440000
7	93890000	93900000	7	94390000	94400000
7	93910000	93920000	7	94000000	94010000
7	96410000	96420000	7	97020000	97030000
7	99840000	99850000	7	100960000	100970000
7	100100000	100110000	7	100860000	100870000
7	100460000	100470000	7	100850000	100860000
7	100470000	100480000	7	100690000	100700000
7	100590000	100600000	7	102430000	102440000
7	104940000	104950000	7	105010000	105020000
7	155800000	155810000	7	157130000	157140000
8	4230000	4240000	8	4990000	5000000
8	6430000	6440000	8	6560000	6570000
8	9050000	9060000	8	9150000	9160000
8	56060000	56070000	8	56210000	56220000
8	58800000	58810000	8	59110000	59120000
8	59030000	59040000	8	59110000	59120000
8	65760000	65770000	8	66420000	66430000
8	65830000	65840000	8	66420000	66430000
8	66050000	66060000	8	66420000	66430000
8	66680000	66690000	8	67060000	67070000
8	69660000	69670000	8	70660000	70670000
8	69670000	69680000	8	70600000	70610000
8	70140000	70150000	8	70660000	70670000
8	70140000	70150000	8	70600000	70610000
1	202180000	202190000	1	202710000	202720000
8	70390000	70400000	8	70600000	70610000
1	202340000	202350000	1	202710000	202720000
8	20540000	20550000	8	21780000	21790000
8	21920000	21930000	8	22140000	22150000
8	22420000	22430000	8	22580000	22590000
8	28390000	28400000	8	30080000	30090000
1	203300000	203310000	1	204510000	204520000
8	29340000	29350000	8	30150000	30160000
8	30070000	30080000	8	30150000	30160000
8	31250000	31260000	8	32540000	32550000
8	31590000	31600000	8	32540000	32550000
8	32220000	32230000	8	32540000	32550000
8	32310000	32320000	8	32540000	32550000
8	37390000	37400000	8	37690000	37700000
8	37540000	37550000	8	37690000	37700000
8	36850000	36860000	8	38150000	38160000
8	37740000	37750000	8	38990000	39000000
8	40250000	40260000	8	41520000	41530000
8	41490000	41500000	8	43140000	43150000
8	41990000	42000000	8	42150000	42160000
8	48170000	48180000	8	48920000	48930000
8	48310000	48320000	8	48920000	48930000
8	51840000	51850000	8	52400000	52410000
8	52010000	52020000	8	52400000	52410000
8	52110000	52120000	8	52400000	52410000
8	112800000	112810000	8	113430000	113440000
8	117470000	117480000	8	118110000	118120000
1	17120000	17130000	1	17240000	17250000
8	123030000	123040000	8	124450000	124460000
8	124600000	124610000	8	124720000	124730000
8	125120000	125130000	8	125430000	125440000
1	206730000	206740000	1	206970000	206980000
8	134700000	134710000	8	135450000	135460000
8	135050000	135060000	8	135450000	135460000
8	139020000	139030000	8	140630000	140640000
8	139400000	139410000	8	140630000	140640000
1	208020000	208030000	1	208240000	208250000
8	140460000	140470000	8	140630000	140640000
8	142650000	142660000	8	143040000	143050000
8	142770000	142780000	8	143040000	143050000
1	210410000	210420000	1	211130000	211140000
8	85180000	85190000	8	86510000	86520000
8	85220000	85230000	8	86340000	86350000
8	85300000	85310000	8	86090000	86100000
8	89720000	89730000	8	89980000	89990000
8	89720000	89730000	8	91070000	91080000
1	210580000	210590000	1	211130000	211140000
8	89840000	89850000	8	89980000	89990000
8	90000000	90010000	8	90640000	90650000
8	90000000	90010000	8	91070000	91080000
8	90980000	90990000	8	91070000	91080000
1	211320000	211330000	1	211490000	211500000
8	94810000	94820000	8	96160000	96170000
8	95290000	95300000	8	96160000	96170000
8	95890000	95900000	8	96160000	96170000
8	96250000	96260000	8	97640000	97650000
1	211680000	211690000	1	212030000	212040000
8	103100000	103110000	8	103370000	103380000
8	106730000	106740000	8	108240000	108250000
8	108240000	108250000	8	109330000	109340000
8	108240000	108250000	8	109540000	109550000
8	108440000	108450000	8	109540000	109550000
9	21270000	21280000	9	22440000	22450000
9	4670000	4680000	9	5430000	5440000
9	4670000	4680000	9	6010000	6020000
9	4750000	4760000	9	5430000	5440000
9	4760000	4770000	9	4980000	4990000
9	4980000	4990000	9	5430000	5440000
9	71770000	71780000	9	72360000	72370000
9	93680000	93690000	9	94590000	94600000
9	96320000	96330000	9	96650000	96660000
9	98310000	98320000	9	98700000	98710000
9	101390000	101400000	9	101530000	101540000
9	129130000	129140000	9	129620000	129630000
9	131350000	131360000	9	131740000	131750000
9	131500000	131510000	9	131740000	131750000
9	131590000	131600000	9	131740000	131750000
9	132410000	132420000	9	132970000	132980000
1	165380000	165390000	1	166870000	166880000
9	133780000	133790000	9	133990000	134000000
9	136780000	136790000	9	137040000	137050000
9	136780000	136790000	9	137240000	137250000
9	137040000	137050000	9	137230000	137240000
9	111630000	111640000	9	113340000	113350000
9	112090000	112100000	9	112710000	112720000
9	113300000	113310000	9	113400000	113410000
9	114420000	114430000	9	114650000	114660000
9	117640000	117650000	9	119360000	119370000
9	121550000	121560000	9	122800000	122810000
9	121700000	121710000	9	122800000	122810000
9	122110000	122120000	9	122800000	122810000
9	122360000	122370000	9	122800000	122810000
9	122460000	122470000	9	122800000	122810000
9	123080000	123090000	9	123350000	123360000
9	124770000	124780000	9	124850000	124860000
9	126930000	126940000	9	127910000	127920000
9	127210000	127220000	9	127420000	127430000
9	127590000	127600000	9	127910000	127920000
9	77170000	77180000	9	78230000	78240000
9	77440000	77450000	9	78030000	78040000
9	80170000	80180000	9	81680000	81690000
9	81100000	81110000	9	81680000	81690000
1	167720000	167730000	1	167930000	167940000
9	88720000	88730000	9	88990000	89000000
9	89580000	89590000	9	90640000	90650000
1	168440000	168450000	1	168570000	168580000
9	89580000	89590000	9	91420000	91430000
9	90910000	90920000	9	91950000	91960000
9	91030000	91040000	9	91420000	91430000
9	91770000	91780000	9	91950000	91960000
10	43410000	43420000	10	44970000	44980000
10	43680000	43690000	10	44380000	44390000
10	47020000	47030000	10	47320000	47330000
10	48680000	48690000	10	50620000	50630000
10	50990000	51000000	10	52770000	52780000
10	50990000	51000000	10	52310000	52320000
10	6420000	6430000	10	7410000	7420000
10	6670000	6680000	10	7410000	7420000
10	6840000	6850000	10	7410000	7420000
10	6910000	6920000	10	7410000	7420000
10	7120000	7130000	10	7410000	7420000
10	14190000	14200000	10	14830000	14840000
10	14520000	14530000	10	14830000	14840000
10	16810000	16820000	10	18650000	18660000
10	58300000	58310000	10	58380000	58390000
10	59630000	59640000	10	59900000	59910000
10	59820000	59830000	10	59900000	59910000
10	68540000	68550000	10	68720000	68730000
10	69410000	69420000	10	69630000	69640000
10	69520000	69530000	10	69630000	69640000
10	70210000	70220000	10	70880000	70890000
10	70450000	70460000	10	70880000	70890000
10	70550000	70560000	10	70880000	70890000
10	72270000	72280000	10	73780000	73790000
1	172740000	172750000	1	173820000	173830000
10	22000000	22010000	10	22320000	22330000
1	172750000	172760000	1	173200000	173210000
10	23430000	23440000	10	25010000	25020000
1	173420000	173430000	1	173820000	173830000
10	32260000	32270000	10	32340000	32350000
10	74250000	74260000	10	75090000	75100000
10	74240000	74250000	10	75230000	75240000
10	78040000	78050000	10	79060000	79070000
10	87650000	87660000	10	88800000	88810000
10	90890000	90900000	10	91630000	91640000
1	175470000	175480000	1	175740000	175750000
10	119190000	119200000	10	119540000	119550000
1	176560000	176570000	1	178510000	178520000
10	124530000	124540000	10	124740000	124750000
10	125730000	125740000	10	125820000	125830000
10	92080000	92090000	10	92290000	92300000
10	93370000	93380000	10	93480000	93490000
10	96230000	96240000	10	96300000	96310000
10	96640000	96650000	10	96830000	96840000
10	97780000	97790000	10	98030000	98040000
10	101210000	101220000	10	101770000	101780000
10	102920000	102930000	10	103240000	103250000
10	103890000	103900000	10	104120000	104130000
1	178340000	178350000	1	178490000	178500000
10	129030000	129040000	10	129960000	129970000
10	129020000	129030000	10	130130000	130140000
10	129970000	129980000	10	130110000	130120000
11	57330000	57340000	11	59140000	59150000
11	57340000	57350000	11	57460000	57470000
11	57340000	57350000	11	57640000	57650000
11	57460000	57470000	11	57640000	57650000
11	57560000	57570000	11	57640000	57650000
11	57660000	57670000	11	59140000	59150000
11	58570000	58580000	11	59140000	59150000
11	59180000	59190000	11	59420000	59430000
11	59270000	59280000	11	59420000	59430000
1	179080000	179090000	1	179360000	179370000
11	65480000	65490000	11	67280000	67290000
11	66410000	66420000	11	66670000	66680000
11	66570000	66580000	11	66670000	66680000
11	69290000	69300000	11	69640000	69650000
11	2030000	2040000	11	2140000	2150000
11	2180000	2190000	11	2900000	2910000
11	6010000	6020000	11	6320000	6330000
11	6600000	6610000	11	6680000	6690000
1	180510000	180520000	1	181030000	181040000
11	14520000	14530000	11	14890000	14900000
11	18310000	18320000	11	18630000	18640000
11	18540000	18550000	11	18720000	18730000
11	18630000	18640000	11	20380000	20390000
11	19240000	19250000	11	20360000	20370000
11	22620000	22630000	11	22820000	22830000
11	31100000	31110000	11	32790000	32800000
1	181190000	181200000	1	182390000	182400000
11	32320000	32330000	11	32790000	32800000
11	34170000	34180000	11	34350000	34360000
1	182080000	182090000	1	182390000	182400000
1	182080000	182090000	1	182780000	182790000
1	182140000	182150000	1	182390000	182400000
11	93240000	93250000	11	93540000	93550000
11	93660000	93670000	11	94490000	94500000
1	182140000	182150000	1	182780000	182790000
11	93730000	93740000	11	94490000	94500000
11	94970000	94980000	11	95780000	95790000
1	182440000	182450000	1	182780000	182790000
11	95830000	95840000	11	96390000	96400000
1	182450000	182460000	1	182580000	182590000
1	182600000	182610000	1	182780000	182790000
11	130210000	130220000	11	130420000	130430000
11	74700000	74710000	11	75240000	75250000
11	75020000	75030000	11	75240000	75250000
1	183650000	183660000	1	184050000	184060000
11	78220000	78230000	11	78570000	78580000
11	82910000	82920000	11	83070000	83080000
11	108690000	108700000	11	110420000	110430000
11	112220000	112230000	11	113770000	113780000
1	3490000	3500000	1	3610000	3620000
11	118190000	118200000	11	118350000	118360000
11	118680000	118690000	11	118950000	118960000
11	124660000	124670000	11	124760000	124770000
11	125100000	125110000	11	125880000	125890000
11	125570000	125580000	11	125880000	125890000
1	185040000	185050000	1	185150000	185160000
12	570000	580000	12	1590000	1600000
12	820000	830000	12	1590000	1600000
12	4100000	4110000	12	4270000	4280000
12	6930000	6940000	12	7100000	7110000
12	12360000	12370000	12	12710000	12720000
12	14640000	14650000	12	15880000	15890000
12	14780000	14790000	12	15880000	15890000
12	14950000	14960000	12	15880000	15890000
12	39760000	39770000	12	40100000	40110000
12	42140000	42150000	12	42320000	42330000
12	42230000	42240000	12	42320000	42330000
12	50500000	50510000	12	51340000	51350000
12	50820000	50830000	12	51340000	51350000
12	51040000	51050000	12	51340000	51350000
12	51260000	51270000	12	51340000	51350000
12	51410000	51420000	12	51840000	51850000
12	52150000	52160000	12	52320000	52330000
12	53340000	53350000	12	53420000	53430000
12	53540000	53550000	12	53670000	53680000
12	54230000	54240000	12	54360000	54370000
12	54720000	54730000	12	55630000	55640000
12	55740000	55750000	12	55930000	55940000
12	55810000	55820000	12	55930000	55940000
12	55730000	55740000	12	56020000	56030000
12	56200000	56210000	12	56460000	56470000
12	56300000	56310000	12	56460000	56470000
12	56760000	56770000	12	56990000	57000000
12	57270000	57280000	12	57450000	57460000
12	60680000	60690000	12	62190000	62200000
12	63830000	63840000	12	64390000	64400000
12	67440000	67450000	12	67640000	67650000
12	68340000	68350000	12	68680000	68690000
12	69900000	69910000	12	70240000	70250000
12	71780000	71790000	12	71930000	71940000
12	26100000	26110000	12	27010000	27020000
12	26840000	26850000	12	27690000	27700000
12	26850000	26860000	12	27010000	27020000
12	31660000	31670000	12	32670000	32680000
12	75520000	75530000	12	76030000	76040000
12	84870000	84880000	12	85030000	85040000
12	88110000	88120000	12	89520000	89530000
12	89010000	89020000	12	89520000	89530000
1	196320000	196330000	1	196650000	196660000
12	113000000	113010000	12	113420000	113430000
12	113190000	113200000	12	113420000	113430000
12	115990000	116000000	12	116880000	116890000
12	118120000	118130000	12	118370000	118380000
12	118170000	118180000	12	118370000	118380000
1	197610000	197620000	1	197900000	197910000
12	120340000	120350000	12	120430000	120440000
12	120580000	120590000	12	120970000	120980000
12	122630000	122640000	12	122750000	122760000
12	122770000	122780000	12	123230000	123240000
12	122970000	122980000	12	123230000	123240000
12	123190000	123200000	12	123600000	123610000
12	123260000	123270000	12	123600000	123610000
12	123340000	123350000	12	123580000	123590000
12	94140000	94150000	12	95070000	95080000
12	101410000	101420000	12	102480000	102490000
12	101770000	101780000	12	101830000	101840000
12	101930000	101940000	12	102480000	102490000
12	104190000	104200000	12	106130000	106140000
12	105420000	105430000	12	106130000	106140000
12	105410000	105420000	12	106350000	106360000
12	106230000	106240000	12	107090000	107100000
12	107680000	107690000	12	108510000	108520000
12	108550000	108560000	12	109090000	109100000
12	108650000	108660000	12	109090000	109100000
1	218340000	218350000	1	219170000	219180000
12	130030000	130040000	12	130330000	130340000
12	130900000	130910000	12	131710000	131720000
12	131110000	131120000	12	131710000	131720000
12	131110000	131120000	12	131820000	131830000
12	132150000	132160000	12	132610000	132620000
1	41510000	41520000	1	42160000	42170000
13	60450000	60460000	13	61410000	61420000
13	65650000	65660000	13	67230000	67240000
13	39040000	39050000	13	40780000	40790000
13	39410000	39420000	13	39600000	39610000
13	39680000	39690000	13	40770000	40780000
13	41670000	41680000	13	42040000	42050000
13	42590000	42600000	13	43870000	43880000
13	42970000	42980000	13	43870000	43880000
13	43080000	43090000	13	43870000	43880000
13	48120000	48130000	13	48230000	48240000
1	41510000	41520000	1	42740000	42750000
13	50130000	50140000	13	50900000	50910000
13	50810000	50820000	13	50900000	50910000
13	51120000	51130000	13	52120000	52130000
13	51450000	51460000	13	51580000	51590000
13	20190000	20200000	13	20700000	20710000
13	20500000	20510000	13	20700000	20710000
13	20940000	20950000	13	21170000	21180000
13	22800000	22810000	13	23890000	23900000
13	23370000	23380000	13	25300000	25310000
13	23390000	23400000	13	23880000	23890000
13	25080000	25090000	13	25370000	25380000
13	25830000	25840000	13	26050000	26060000
13	26970000	26980000	13	27980000	27990000
1	223700000	223710000	1	224330000	224340000
13	28310000	28320000	13	28650000	28660000
13	73840000	73850000	13	74130000	74140000
13	73950000	73960000	13	74130000	74140000
13	75370000	75380000	13	75480000	75490000
13	75370000	75380000	13	75540000	75550000
13	75550000	75560000	13	76990000	77000000
13	79970000	79980000	13	80340000	80350000
1	41570000	41580000	1	42160000	42170000
1	225480000	225490000	1	225770000	225780000
13	95670000	95680000	13	97430000	97440000
13	101140000	101150000	13	102840000	102850000
13	104570000	104580000	13	106530000	106540000
13	104770000	104780000	13	106530000	106540000
13	104980000	104990000	13	106530000	106540000
13	108210000	108220000	13	109780000	109790000
1	42330000	42340000	1	42740000	42750000
14	20320000	20330000	14	20680000	20690000
14	20400000	20410000	14	20600000	20610000
14	21010000	21020000	14	21100000	21110000
14	21240000	21250000	14	21380000	21390000
14	22570000	22580000	14	22980000	22990000
14	26440000	26450000	14	26590000	26600000
14	39100000	39110000	14	39430000	39440000
14	45130000	45140000	14	45250000	45260000
14	46560000	46570000	14	47670000	47680000
14	49620000	49630000	14	50110000	50120000
14	49860000	49870000	14	50530000	50540000
1	42570000	42580000	1	42740000	42750000
14	52140000	52150000	14	52260000	52270000
14	52300000	52310000	14	52700000	52710000
14	52300000	52310000	14	52950000	52960000
14	52820000	52830000	14	52950000	52960000
14	63800000	63810000	14	64290000	64300000
1	232640000	232650000	1	232950000	232960000
14	64010000	64020000	14	64290000	64300000
14	65160000	65170000	14	65410000	65420000
14	66360000	66370000	14	67700000	67710000
14	67420000	67430000	14	67700000	67710000
14	67590000	67600000	14	67690000	67700000
14	69240000	69250000	14	69570000	69580000
14	70620000	70630000	14	70800000	70810000
14	75270000	75280000	14	77020000	77030000
14	75710000	75720000	14	75980000	75990000
14	84490000	84500000	14	85530000	85540000
14	87940000	87950000	14	88560000	88570000
14	89170000	89180000	14	89410000	89420000
14	95470000	95480000	14	96500000	96510000
14	95530000	95540000	14	96500000	96510000
14	100270000	100280000	14	100370000	100380000
14	101960000	101970000	14	102310000	102320000
14	102060000	102070000	14	102310000	102320000
14	102690000	102700000	14	103090000	103100000
15	25510000	25520000	15	26860000	26870000
15	25690000	25700000	15	26860000	26870000
15	25940000	25950000	15	26860000	26870000
15	26260000	26270000	15	26860000	26870000
15	34100000	34110000	15	34210000	34220000
15	38720000	38730000	15	39580000	39590000
15	39120000	39130000	15	39580000	39590000
15	39300000	39310000	15	39580000	39590000
15	42700000	42710000	15	43200000	43210000
15	42710000	42720000	15	42920000	42930000
15	44580000	44590000	15	45110000	45120000
15	48860000	48870000	15	49420000	49430000
15	49160000	49170000	15	49620000	49630000
15	50340000	50350000	15	50900000	50910000
15	53960000	53970000	15	55280000	55290000
15	57740000	57750000	15	58060000	58070000
15	61870000	61880000	15	62060000	62070000
15	63470000	63480000	15	63590000	63600000
15	65040000	65050000	15	65280000	65290000
15	65600000	65610000	15	66290000	66300000
15	65600000	65610000	15	66500000	66510000
15	66370000	66380000	15	66490000	66500000
15	66880000	66890000	15	67820000	67830000
15	66940000	66950000	15	67820000	67830000
15	67860000	67870000	15	68050000	68060000
15	73290000	73300000	15	73630000	73640000
15	74360000	74370000	15	74950000	74960000
15	74960000	74970000	15	75200000	75210000
15	75030000	75040000	15	75200000	75210000
15	78110000	78120000	15	78230000	78240000
15	80060000	80070000	15	80150000	80160000
15	80450000	80460000	15	80770000	80780000
15	81480000	81490000	15	82040000	82050000
15	88470000	88480000	15	88890000	88900000
15	88620000	88630000	15	88890000	88900000
15	88630000	88640000	15	89330000	89340000
15	90490000	90500000	15	90880000	90890000
15	92810000	92820000	15	92900000	92910000
1	241520000	241530000	1	241840000	241850000
15	99930000	99940000	15	100870000	100880000
1	241620000	241630000	1	241840000	241850000
15	101090000	101100000	15	101250000	101260000
15	101090000	101100000	15	101650000	101660000
1	241630000	241640000	1	243250000	243260000
16	47030000	47040000	16	48150000	48160000
16	52070000	52080000	16	53500000	53510000
1	43520000	43530000	1	43930000	43940000
16	52190000	52200000	16	53500000	53510000
16	53770000	53780000	16	54930000	54940000
1	243230000	243240000	1	244450000	244460000
16	53940000	53950000	16	54930000	54940000
16	54280000	54290000	16	54930000	54940000
16	800000	810000	16	1090000	1100000
16	8570000	8580000	16	8880000	8890000
16	8660000	8670000	16	8880000	8890000
16	9150000	9160000	16	10180000	10190000
16	9260000	9270000	16	10180000	10190000
16	10960000	10970000	16	11520000	11530000
16	10970000	10980000	16	11250000	11260000
16	17210000	17220000	16	17470000	17480000
16	19690000	19700000	16	19880000	19890000
16	21990000	22000000	16	22290000	22300000
16	22200000	22210000	16	22290000	22300000
1	244850000	244860000	1	244960000	244970000
16	27690000	27700000	16	28060000	28070000
16	29680000	29690000	16	30020000	30030000
16	30430000	30440000	16	30610000	30620000
16	30440000	30450000	16	30530000	30540000
16	30970000	30980000	16	31440000	31450000
16	57570000	57580000	16	58000000	58010000
16	57750000	57760000	16	58000000	58010000
16	58020000	58030000	16	58120000	58130000
16	66960000	66970000	16	67170000	67180000
16	67540000	67550000	16	67640000	67650000
16	67540000	67550000	16	69350000	69360000
16	68530000	68540000	16	69290000	69300000
16	69390000	69400000	16	69750000	69760000
16	72840000	72850000	16	73040000	73050000
16	74700000	74710000	16	75110000	75120000
16	75450000	75460000	16	77190000	77200000
16	75560000	75570000	16	77190000	77200000
16	77220000	77230000	16	78090000	78100000
16	78120000	78130000	16	79600000	79610000
16	78490000	78500000	16	79600000	79610000
16	78700000	78710000	16	79600000	79610000
1	43760000	43770000	1	43930000	43940000
16	78920000	78930000	16	79600000	79610000
16	84510000	84520000	16	84610000	84620000
16	85260000	85270000	16	86510000	86520000
16	85810000	85820000	16	86510000	86520000
16	86070000	86080000	16	86510000	86520000
16	86560000	86570000	16	87760000	87770000
16	87580000	87590000	16	87760000	87770000
16	88440000	88450000	16	89200000	89210000
16	88730000	88740000	16	89210000	89220000
17	1360000	1370000	17	1510000	1520000
17	1900000	1910000	17	2030000	2040000
17	5430000	5440000	17	6430000	6440000
17	6460000	6470000	17	6640000	6650000
17	7030000	7040000	17	7580000	7590000
17	7040000	7050000	17	7300000	7310000
17	7260000	7270000	17	7680000	7690000
17	8400000	8410000	17	8750000	8760000
17	8570000	8580000	17	8740000	8750000
17	11990000	12000000	17	13010000	13020000
17	17850000	17860000	17	17680000	17690000
17	40280000	40290000	17	40010000	40020000
17	41670000	41680000	17	40360000	40370000
17	41870000	41880000	17	41730000	41740000
17	44340000	44350000	17	43940000	43950000
17	44160000	44170000	17	43940000	43950000
17	49690000	49700000	17	49570000	49580000
17	49770000	49780000	17	49570000	49580000
17	49840000	49850000	17	49570000	49580000
17	56310000	56320000	17	55750000	55760000
17	56780000	56790000	17	56590000	56600000
17	57430000	57440000	17	57250000	57260000
17	58100000	58110000	17	57850000	57860000
17	59000000	59010000	17	58280000	58290000
17	67690000	67700000	17	67370000	67380000
17	68460000	68470000	17	67370000	67380000
17	67610000	67620000	17	67370000	67380000
17	68440000	68450000	17	68240000	68250000
17	21260000	21270000	17	21120000	21130000
17	30090000	30100000	17	29580000	29590000
17	74530000	74540000	17	74200000	74210000
17	74360000	74370000	17	74210000	74220000
17	74460000	74470000	17	74210000	74220000
17	75740000	75750000	17	75630000	75640000
17	76730000	76740000	17	75780000	75790000
17	77060000	77070000	17	76860000	76870000
2	6780000	6790000	2	5690000	5700000
2	6840000	6850000	2	5690000	5700000
18	2660000	2670000	18	2570000	2580000
18	3580000	3590000	18	3450000	3460000
18	5420000	5430000	18	5290000	5300000
18	13530000	13540000	18	13210000	13220000
18	45200000	45210000	18	44680000	44690000
18	50280000	50290000	18	49480000	49490000
18	51050000	51060000	18	50820000	50830000
18	52900000	52910000	18	52340000	52350000
18	56310000	56320000	18	55580000	55590000
18	58650000	58660000	18	57620000	57630000
18	58490000	58500000	18	58040000	58050000
18	58750000	58760000	18	58040000	58050000
18	61490000	61500000	18	61330000	61340000
18	62570000	62580000	18	62180000	62190000
18	62970000	62980000	18	62180000	62190000
18	63330000	63340000	18	62180000	62190000
18	62960000	62970000	18	62710000	62720000
18	63330000	63340000	18	62710000	62720000
18	68640000	68650000	18	67510000	67520000
18	70440000	70450000	18	68710000	68720000
18	70290000	70300000	18	70200000	70210000
18	73130000	73140000	18	72860000	72870000
18	23360000	23370000	18	23130000	23140000
2	10660000	10670000	2	10440000	10450000
2	11770000	11780000	2	10810000	10820000
2	11450000	11460000	2	11130000	11140000
2	11580000	11590000	2	11130000	11140000
1	45490000	45500000	1	45010000	45020000
18	76350000	76360000	18	75210000	75220000
2	11580000	11590000	2	11460000	11470000
19	38230000	38240000	19	37900000	37910000
19	38330000	38340000	19	37900000	37910000
19	38630000	38640000	19	38400000	38410000
19	38930000	38940000	19	38400000	38410000
19	39320000	39330000	19	39120000	39130000
19	41590000	41600000	19	41190000	41200000
19	41570000	41580000	19	41440000	41450000
19	41940000	41950000	19	41860000	41870000
19	46260000	46270000	19	46020000	46030000
19	46500000	46510000	19	46020000	46030000
19	47000000	47010000	19	46850000	46860000
19	48590000	48600000	19	48270000	48280000
19	49210000	49220000	19	49080000	49090000
19	50470000	50480000	19	50360000	50370000
19	51770000	51780000	19	51470000	51480000
19	53740000	53750000	19	53190000	53200000
19	55500000	55510000	19	55140000	55150000
19	55630000	55640000	19	55140000	55150000
19	1810000	1820000	19	1280000	1290000
19	2620000	2630000	19	2260000	2270000
19	2610000	2620000	19	2470000	2480000
19	6010000	6020000	19	5800000	5810000
19	9790000	9800000	19	9620000	9630000
19	10240000	10250000	19	9930000	9940000
19	10380000	10390000	19	9930000	9940000
19	15560000	15570000	19	15080000	15090000
19	16180000	16190000	19	15610000	15620000
19	17770000	17780000	19	17440000	17450000
19	18400000	18410000	19	18200000	18210000
19	19640000	19650000	19	19530000	19540000
19	19950000	19960000	19	19530000	19540000
19	20270000	20280000	19	19530000	19540000
19	32570000	32580000	19	32340000	32350000
19	33400000	33410000	19	33130000	33140000
19	33760000	33770000	19	33130000	33140000
19	35470000	35480000	19	35350000	35360000
19	58150000	58160000	19	57110000	57120000
20	20560000	20570000	20	20360000	20370000
20	23330000	23340000	20	23040000	23050000
20	25180000	25190000	20	24990000	25000000
20	25390000	25400000	20	24990000	25000000
20	34110000	34120000	20	33440000	33450000
20	38880000	38890000	20	38800000	38810000
20	44080000	44090000	20	43450000	43460000
20	43690000	43700000	20	43450000	43460000
20	44190000	44200000	20	43450000	43460000
20	44310000	44320000	20	44210000	44220000
20	44610000	44620000	20	44210000	44220000
20	44670000	44680000	20	44210000	44220000
20	44730000	44740000	20	44210000	44220000
20	44870000	44880000	20	44210000	44220000
20	45430000	45440000	20	45360000	45370000
20	46330000	46340000	20	46000000	46010000
20	48610000	48620000	20	47780000	47790000
20	50450000	50460000	20	50190000	50200000
20	52080000	52090000	20	51800000	51810000
20	4080000	4090000	20	3780000	3790000
20	8720000	8730000	20	6760000	6770000
20	11540000	11550000	20	10430000	10440000
20	11540000	11550000	20	10670000	10680000
20	15230000	15240000	20	14330000	14340000
20	15650000	15660000	20	14330000	14340000
20	15920000	15930000	20	14330000	14340000
20	17900000	17910000	20	17530000	17540000
20	17890000	17900000	20	17680000	17690000
20	56470000	56480000	20	56390000	56400000
20	57340000	57350000	20	56390000	56400000
20	59140000	59150000	20	57390000	57400000
20	61900000	61910000	20	59940000	59950000
20	61880000	61890000	20	61250000	61260000
20	62380000	62390000	20	62180000	62190000
20	62800000	62810000	20	62300000	62310000
20	63380000	63390000	20	63210000	63220000
21	42840000	42850000	21	42310000	42320000
21	43630000	43640000	21	42920000	42930000
1	47420000	47430000	1	47190000	47200000
21	44790000	44800000	21	44300000	44310000
21	45120000	45130000	21	44800000	44810000
21	26710000	26720000	21	26170000	26180000
21	27700000	27710000	21	26840000	26850000
21	31070000	31080000	21	30340000	30350000
21	31600000	31610000	21	30340000	30350000
21	31600000	31610000	21	30820000	30830000
21	34070000	34080000	21	33930000	33940000
22	24550000	24560000	22	23890000	23900000
22	24510000	24520000	22	24420000	24430000
22	25040000	25050000	22	24770000	24780000
22	30380000	30390000	22	30280000	30290000
22	30910000	30920000	22	30630000	30640000
22	31950000	31960000	22	31660000	31670000
22	32980000	32990000	22	32800000	32810000
22	36980000	36990000	22	36770000	36780000
22	38570000	38580000	22	38050000	38060000
22	39120000	39130000	22	38870000	38880000
22	40030000	40040000	22	39150000	39160000
22	40340000	40350000	22	39530000	39540000
22	41940000	41950000	22	41690000	41700000
22	42460000	42470000	22	41960000	41970000
22	50620000	50630000	22	50250000	50260000
22	50490000	50500000	22	50260000	50270000
X	65530000	65540000	X	63750000	63760000
X	65530000	65540000	X	64200000	64210000
X	69220000	69230000	X	68820000	68830000
X	69280000	69290000	X	68820000	68830000
X	69380000	69390000	X	68820000	68830000
X	30880000	30890000	X	30570000	30580000
1	47720000	47730000	1	47410000	47420000
X	9690000	9700000	X	9460000	9470000
2	46880000	46890000	2	45610000	45620000
X	11120000	11130000	X	10620000	10630000
X	13080000	13090000	X	12970000	12980000
2	45770000	45780000	2	45650000	45660000
X	16790000	16800000	X	15330000	15340000
X	16860000	16870000	X	15330000	15340000
X	15640000	15650000	X	15490000	15500000
X	16440000	16450000	X	15490000	15500000
X	19320000	19330000	X	18220000	18230000
X	38880000	38890000	X	38800000	38810000
1	48220000	48230000	1	47430000	47440000
X	45060000	45070000	X	44870000	44880000
X	47370000	47380000	X	47210000	47220000
X	48570000	48580000	X	48070000	48080000
X	110130000	110140000	X	109480000	109490000
X	110410000	110420000	X	109480000	109490000
X	110320000	110330000	X	109730000	109740000
X	112360000	112370000	X	111870000	111880000
X	93210000	93220000	X	91430000	91440000
X	104150000	104160000	X	103680000	103690000
X	104130000	104140000	X	103830000	103840000
X	79260000	79270000	X	78130000	78140000
X	79430000	79440000	X	78130000	78140000
X	78520000	78530000	X	78130000	78140000
X	81200000	81210000	X	80800000	80810000
X	134900000	134910000	X	134790000	134800000
X	150710000	150720000	X	149880000	149890000
X	153940000	153950000	X	153760000	153770000
2	54500000	54510000	2	54110000	54120000
2	57500000	57510000	2	56180000	56190000
2	56740000	56750000	2	56180000	56190000
2	64740000	64750000	2	64650000	64660000
2	69710000	69720000	2	68460000	68470000
2	69810000	69820000	2	68460000	68470000
2	69880000	69890000	2	68460000	68470000
2	70290000	70300000	2	68460000	68470000
2	70070000	70080000	2	69910000	69920000
2	70150000	70160000	2	69910000	69920000
2	20090000	20100000	2	20010000	20020000
2	21110000	21120000	2	20660000	20670000
2	26930000	26940000	2	26840000	26850000
2	27290000	27300000	2	26840000	26850000
2	30130000	30140000	2	28810000	28820000
2	33590000	33600000	2	32270000	32280000
2	33580000	33590000	2	32620000	32630000
2	33580000	33590000	2	33470000	33480000
1	51870000	51880000	1	50960000	50970000
2	36500000	36510000	2	36350000	36360000
2	74580000	74590000	2	74480000	74490000
2	114540000	114550000	2	113890000	113900000
2	120310000	120320000	2	119750000	119760000
2	120670000	120680000	2	120340000	120350000
2	96950000	96960000	2	96850000	96860000
2	136370000	136380000	2	136110000	136120000
1	54490000	54500000	1	54190000	54200000
2	145750000	145760000	2	144330000	144340000
2	144690000	144700000	2	144520000	144530000
2	151430000	151440000	2	149580000	149590000
2	152020000	152030000	2	151260000	151270000
2	152700000	152710000	2	151280000	151290000
2	152620000	152630000	2	152330000	152340000
2	156580000	156590000	2	156330000	156340000
2	156420000	156430000	2	156330000	156340000
2	158000000	158010000	2	157320000	157330000
2	157480000	157490000	2	157320000	157330000
2	159990000	160000000	2	158790000	158800000
2	189770000	189780000	2	189660000	189670000
2	190070000	190080000	2	189660000	189670000
2	191020000	191030000	2	189660000	189670000
2	200700000	200710000	2	200580000	200590000
2	201160000	201170000	2	200960000	200970000
2	205920000	205930000	2	205680000	205690000
1	58040000	58050000	1	57420000	57430000
1	58150000	58160000	1	57420000	57430000
2	210170000	210180000	2	208260000	208270000
2	209550000	209560000	2	209420000	209430000
2	210190000	210200000	2	209420000	209430000
2	217160000	217170000	2	216690000	216700000
2	217510000	217520000	2	216690000	216700000
2	217640000	217650000	2	216690000	216700000
1	59290000	59300000	1	58780000	58790000
2	165870000	165880000	2	165230000	165240000
1	59690000	59700000	1	59290000	59300000
1	6420000	6430000	1	6240000	6250000
2	171410000	171420000	2	171160000	171170000
2	176640000	176650000	2	176120000	176130000
2	177140000	177150000	2	176120000	176130000
2	177320000	177330000	2	176120000	176130000
2	177410000	177420000	2	176120000	176130000
2	177760000	177770000	2	176120000	176130000
2	178410000	178420000	2	178110000	178120000
2	178910000	178920000	2	178110000	178120000
2	179750000	179760000	2	178110000	178120000
2	218380000	218390000	2	218290000	218300000
2	219290000	219300000	2	219160000	219170000
2	222470000	222480000	2	222320000	222330000
2	224580000	224590000	2	222650000	222660000
2	230150000	230160000	2	230060000	230070000
2	234500000	234510000	2	233850000	233860000
2	237030000	237040000	2	236500000	236510000
2	237670000	237680000	2	237590000	237600000
2	240440000	240450000	2	240050000	240060000
3	10730000	10740000	3	9840000	9850000
1	63440000	63450000	1	63320000	63330000
3	18750000	18760000	3	18420000	18430000
3	56240000	56250000	3	55480000	55490000
3	56980000	56990000	3	56800000	56810000
3	58160000	58170000	3	58000000	58010000
3	58290000	58300000	3	58000000	58010000
3	62180000	62190000	3	61560000	61570000
1	64130000	64140000	1	63770000	63780000
3	20180000	20190000	3	19940000	19950000
3	20180000	20190000	3	20040000	20050000
3	21890000	21900000	3	21750000	21760000
3	27660000	27670000	3	27480000	27490000
3	38470000	38480000	3	38340000	38350000
3	39280000	39290000	3	39100000	39110000
3	33070000	33080000	3	32950000	32960000
3	39280000	39290000	3	39190000	39200000
3	37770000	37780000	3	37450000	37460000
3	46070000	46080000	3	45940000	45950000
3	46370000	46380000	3	45940000	45950000
3	46890000	46900000	3	46700000	46710000
3	47340000	47350000	3	46710000	46720000
3	50540000	50550000	3	50350000	50360000
3	51380000	51390000	3	50350000	50360000
3	51970000	51980000	3	50350000	50360000
3	51670000	51680000	3	51500000	51510000
3	99770000	99780000	3	98590000	98600000
3	112980000	112990000	3	112130000	112140000
3	113280000	113290000	3	112130000	112140000
3	112980000	112990000	3	112290000	112300000
3	114050000	114060000	3	113940000	113950000
3	115810000	115820000	3	114290000	114300000
3	122670000	122680000	3	122560000	122570000
3	123560000	123570000	3	122560000	122570000
1	71060000	71070000	1	70220000	70230000
3	126980000	126990000	3	126510000	126520000
3	127540000	127550000	3	126520000	126530000
3	127450000	127460000	3	126520000	126530000
3	127540000	127550000	3	126980000	126990000
3	129240000	129250000	3	129160000	129170000
3	133810000	133820000	3	132720000	132730000
3	134480000	134490000	3	132720000	132730000
3	134480000	134490000	3	133660000	133670000
3	135500000	135510000	3	134790000	134800000
3	135890000	135900000	3	134790000	134800000
3	136030000	136040000	3	134790000	134800000
3	139380000	139390000	3	138170000	138180000
3	138920000	138930000	3	138180000	138190000
3	138910000	138920000	3	138590000	138600000
3	139200000	139210000	3	138940000	138950000
3	139330000	139340000	3	138940000	138950000
3	140860000	140870000	3	139930000	139940000
3	141900000	141910000	3	141730000	141740000
3	167740000	167750000	3	167380000	167390000
3	172340000	172350000	3	170410000	170420000
3	172320000	172330000	3	172030000	172040000
3	177350000	177360000	3	177190000	177200000
3	179570000	179580000	3	179340000	179350000
3	180600000	180610000	3	179650000	179660000
3	180910000	180920000	3	180600000	180610000
3	182250000	182260000	3	181710000	181720000
3	182680000	182690000	3	181710000	181720000
3	184790000	184800000	3	184360000	184370000
3	184530000	184540000	3	184370000	184380000
3	188430000	188440000	3	187740000	187750000
3	188790000	188800000	3	187740000	187750000
3	191050000	191060000	3	190380000	190390000
3	195250000	195260000	3	194670000	194680000
3	195100000	195110000	3	194680000	194690000
3	194960000	194970000	3	194680000	194690000
1	23400000	23410000	1	22970000	22980000
3	149270000	149280000	3	148860000	148870000
1	23180000	23190000	1	23090000	23100000
1	23630000	23640000	1	23550000	23560000
3	153760000	153770000	3	153160000	153170000
3	156660000	156670000	3	156550000	156560000
3	157080000	157090000	3	156670000	156680000
3	160340000	160350000	3	159270000	159280000
4	7070000	7080000	4	6710000	6720000
4	6980000	6990000	4	6900000	6910000
4	7790000	7800000	4	7190000	7200000
4	15650000	15660000	4	15000000	15010000
4	16230000	16240000	4	15000000	15010000
4	16260000	16270000	4	15960000	15970000
4	17460000	17470000	4	15960000	15970000
4	17800000	17810000	4	17610000	17620000
1	2380000	2390000	1	2190000	2200000
4	39970000	39980000	4	39690000	39700000
4	40900000	40910000	4	40740000	40750000
1	30700000	30710000	1	29230000	29240000
1	30780000	30790000	1	29230000	29240000
4	48280000	48290000	4	48130000	48140000
1	30910000	30920000	1	29230000	29240000
4	55550000	55560000	4	55340000	55350000
4	67690000	67700000	4	67550000	67560000
1	30920000	30930000	1	30720000	30730000
4	67910000	67920000	4	67540000	67550000
4	71710000	71720000	4	70590000	70600000
4	71940000	71950000	4	70590000	70600000
4	72300000	72310000	4	70590000	70600000
4	71000000	71010000	4	70830000	70840000
4	36330000	36340000	4	36240000	36250000
4	37770000	37780000	4	37680000	37690000
1	32060000	32070000	1	31760000	31770000
4	76060000	76070000	4	75900000	75910000
4	76500000	76510000	4	75990000	76000000
4	76750000	76760000	4	75990000	76000000
1	32310000	32320000	1	32220000	32230000
4	76750000	76760000	4	76430000	76440000
4	77040000	77050000	4	76430000	76440000
4	83010000	83020000	4	82900000	82910000
4	85740000	85750000	4	85470000	85480000
4	87010000	87020000	4	86930000	86940000
4	110510000	110520000	4	109700000	109710000
4	110510000	110520000	4	109810000	109820000
4	112510000	112520000	4	110620000	110630000
1	35770000	35780000	1	34780000	34790000
4	121800000	121810000	4	120060000	120070000
1	35720000	35730000	1	35570000	35580000
4	123650000	123660000	4	123390000	123400000
4	126400000	126410000	4	125310000	125320000
4	126600000	126610000	4	125310000	125320000
4	99400000	99410000	4	98140000	98150000
4	99050000	99060000	4	98140000	98150000
4	99800000	99810000	4	99560000	99570000
4	99880000	99890000	4	99560000	99570000
4	99940000	99950000	4	99810000	99820000
4	102260000	102270000	4	101340000	101350000
4	105710000	105720000	4	105140000	105150000
4	106310000	106320000	4	105140000	105150000
4	106310000	106320000	4	105700000	105710000
4	107720000	107730000	4	106310000	106320000
4	106810000	106820000	4	106360000	106370000
4	106890000	106900000	4	106360000	106370000
4	107180000	107190000	4	106360000	106370000
4	108510000	108520000	4	108160000	108170000
4	109810000	109820000	4	109700000	109710000
1	37680000	37690000	1	37590000	37600000
4	128060000	128070000	4	127960000	127970000
4	128810000	128820000	4	128280000	128290000
4	129090000	129100000	4	128280000	128290000
1	37860000	37870000	1	37690000	37700000
4	140240000	140250000	4	140150000	140160000
4	164010000	164020000	4	163470000	163480000
4	165100000	165110000	4	163490000	163500000
4	165320000	165330000	4	163490000	163500000
1	111760000	111770000	1	111200000	111210000
4	169480000	169490000	4	169010000	169020000
4	176320000	176330000	4	174520000	174530000
1	113070000	113080000	1	112710000	112720000
4	183410000	183420000	4	182910000	182920000
4	152380000	152390000	4	151270000	151280000
4	152360000	152370000	4	151760000	151770000
4	153570000	153580000	4	153340000	153350000
4	153550000	153560000	4	153460000	153470000
4	155360000	155370000	4	154550000	154560000
4	155780000	155790000	4	154550000	154560000
4	155940000	155950000	4	154550000	154560000
4	157200000	157210000	4	155950000	155960000
4	159190000	159200000	4	158720000	158730000
4	159440000	159450000	4	158720000	158730000
4	163680000	163690000	4	163470000	163480000
5	57210000	57220000	5	56900000	56910000
5	61320000	61330000	5	61160000	61170000
5	61650000	61660000	5	61160000	61170000
5	61640000	61650000	5	61330000	61340000
5	3590000	3600000	5	2750000	2760000
5	4510000	4520000	5	2750000	2760000
5	5410000	5420000	5	5140000	5150000
5	6740000	6750000	5	5140000	5150000
5	6730000	6740000	5	6370000	6380000
5	18300000	18310000	5	17210000	17220000
5	40870000	40880000	5	40750000	40760000
5	43050000	43060000	5	41900000	41910000
5	44800000	44810000	5	43510000	43520000
1	93840000	93850000	1	93440000	93450000
5	54220000	54230000	5	53100000	53110000
5	54880000	54890000	5	53100000	53110000
5	54850000	54860000	5	54510000	54520000
5	55150000	55160000	5	54510000	54520000
5	55690000	55700000	5	55170000	55180000
1	94330000	94340000	1	93870000	93880000
5	32370000	32380000	5	31530000	31540000
5	34920000	34930000	5	33440000	33450000
5	36400000	36410000	5	36060000	36070000
5	36690000	36700000	5	36060000	36070000
5	93800000	93810000	5	93580000	93590000
5	93900000	93910000	5	93580000	93590000
5	94710000	94720000	5	93580000	93590000
5	97170000	97180000	5	95640000	95650000
5	97150000	97160000	5	96870000	96880000
5	99050000	99060000	5	97180000	97190000
1	96800000	96810000	1	96720000	96730000
5	109680000	109690000	5	109400000	109410000
5	112140000	112150000	5	111750000	111760000
5	112970000	112980000	5	112860000	112870000
5	116560000	116570000	5	115620000	115630000
5	116060000	116070000	5	115840000	115850000
5	116940000	116950000	5	116570000	116580000
5	122090000	122100000	5	121960000	121970000
5	123600000	123610000	5	121960000	121970000
5	125000000	125010000	5	124740000	124750000
5	125830000	125840000	5	124740000	124750000
5	131260000	131270000	5	131170000	131180000
5	132370000	132380000	5	132070000	132080000
5	132810000	132820000	5	132070000	132080000
5	132880000	132890000	5	132070000	132080000
5	136070000	136080000	5	135950000	135960000
5	139960000	139970000	5	139790000	139800000
5	141620000	141630000	5	140110000	140120000
5	141620000	141630000	5	140400000	140410000
5	141560000	141570000	5	141200000	141210000
5	141550000	141560000	5	141330000	141340000
5	141540000	141550000	5	141420000	141430000
5	141960000	141970000	5	141680000	141690000
5	74760000	74770000	5	74680000	74690000
5	74900000	74910000	5	74760000	74770000
5	76250000	76260000	5	74760000	74770000
5	76250000	76260000	5	75050000	75060000
5	81840000	81850000	5	81750000	81760000
5	87390000	87400000	5	87260000	87270000
5	88680000	88690000	5	87260000	87270000
5	88680000	88690000	5	87410000	87420000
5	149560000	149570000	5	149370000	149380000
5	151640000	151650000	5	151440000	151450000
1	107520000	107530000	1	107050000	107060000
5	153960000	153970000	5	153490000	153500000
1	107740000	107750000	1	107050000	107060000
5	154850000	154860000	5	154750000	154760000
1	107740000	107750000	1	107140000	107150000
5	157730000	157740000	5	157340000	157350000
5	159130000	159140000	5	157340000	157350000
5	163340000	163350000	5	161540000	161550000
5	163400000	163410000	5	161540000	161550000
5	170420000	170430000	5	170100000	170110000
5	171330000	171340000	5	170100000	170110000
1	108110000	108120000	1	107960000	107970000
5	171900000	171910000	5	171410000	171420000
5	172840000	172850000	5	172770000	172780000
5	174310000	174320000	5	173610000	173620000
5	173970000	173980000	5	173610000	173620000
5	174930000	174940000	5	173610000	173620000
5	174310000	174320000	5	174040000	174050000
1	109630000	109640000	1	109540000	109550000
5	177450000	177460000	5	177310000	177320000
5	179580000	179590000	5	178230000	178240000
6	20520000	20530000	6	20400000	20410000
6	27820000	27830000	6	26030000	26040000
6	27880000	27890000	6	26030000	26040000
6	27140000	27150000	6	26040000	26050000
6	27140000	27150000	6	26120000	26130000
6	27140000	27150000	6	26180000	26190000
6	27840000	27850000	6	26190000	26200000
6	27880000	27890000	6	27140000	27150000
6	28890000	28900000	6	27140000	27150000
6	31080000	31090000	6	30740000	30750000
6	31370000	31380000	6	31130000	31140000
6	33160000	33170000	6	33000000	33010000
6	33400000	33410000	6	33280000	33290000
6	34150000	34160000	6	33580000	33590000
6	35740000	35750000	6	35290000	35300000
6	36090000	36100000	6	35290000	35300000
6	36360000	36370000	6	35290000	35300000
6	37200000	37210000	6	36880000	36890000
6	540000	550000	6	390000	400000
6	2100000	2110000	6	1600000	1610000
6	2190000	2200000	6	1600000	1610000
6	2350000	2360000	6	1600000	1610000
6	3040000	3050000	6	1600000	1610000
6	4000000	4010000	6	2750000	2760000
6	2920000	2930000	6	2840000	2850000
6	7990000	8000000	6	7720000	7730000
1	78110000	78120000	1	77970000	77980000
6	17570000	17580000	6	17280000	17290000
6	18500000	18510000	6	18120000	18130000
6	42050000	42060000	6	41780000	41790000
6	42210000	42220000	6	41780000	41790000
6	48770000	48780000	6	47780000	47790000
6	51350000	51360000	6	50810000	50820000
6	51520000	51530000	6	50810000	50820000
6	51750000	51760000	6	50810000	50820000
6	51840000	51850000	6	50810000	50820000
6	51950000	51960000	6	50810000	50820000
6	52020000	52030000	6	50810000	50820000
6	52250000	52260000	6	50810000	50820000
6	52390000	52400000	6	50810000	50820000
6	52390000	52400000	6	52280000	52290000
6	52660000	52670000	6	52280000	52290000
6	52990000	53000000	6	52280000	52290000
6	53060000	53070000	6	52280000	52290000
1	84510000	84520000	1	84140000	84150000
1	84610000	84620000	1	84140000	84150000
6	70680000	70690000	6	70300000	70310000
1	84930000	84940000	1	84140000	84150000
6	70880000	70890000	6	70300000	70310000
6	71010000	71020000	6	70300000	70310000
6	72080000	72090000	6	70300000	70310000
6	79230000	79240000	6	79070000	79080000
6	83860000	83870000	6	82240000	82250000
1	86910000	86920000	1	85270000	85280000
6	87230000	87240000	6	87150000	87160000
6	87690000	87700000	6	87580000	87590000
6	89360000	89370000	6	89140000	89150000
6	89600000	89610000	6	89430000	89440000
6	90480000	90490000	6	89430000	89440000
6	90380000	90390000	6	90290000	90300000
6	111640000	111650000	6	111250000	111260000
6	112030000	112040000	6	111250000	111260000
6	119970000	119980000	6	119340000	119350000
6	120070000	120080000	6	119340000	119350000
6	120370000	120380000	6	119340000	119350000
1	86350000	86360000	1	85700000	85710000
6	122470000	122480000	6	122390000	122400000
6	124850000	124860000	6	123800000	123810000
6	125110000	125120000	6	123800000	123810000
6	125970000	125980000	6	125300000	125310000
1	86340000	86350000	1	86150000	86160000
6	132140000	132150000	6	131950000	131960000
6	133540000	133550000	6	132530000	132540000
6	133910000	133920000	6	132530000	132540000
6	140440000	140450000	6	139370000	139380000
6	140910000	140920000	6	139370000	139380000
6	145810000	145820000	6	145730000	145740000
6	100460000	100470000	6	99600000	99610000
6	100660000	100670000	6	99990000	100000000
1	89360000	89370000	1	88990000	89000000
1	89450000	89460000	1	88990000	89000000
1	89760000	89770000	1	88990000	89000000
1	89750000	89760000	1	89630000	89640000
6	148940000	148950000	6	148740000	148750000
6	152980000	152990000	6	151390000	151400000
6	154740000	154750000	6	152980000	152990000
6	157660000	157670000	6	157320000	157330000
6	157940000	157950000	6	157320000	157330000
6	158130000	158140000	6	157320000	157330000
6	159120000	159130000	6	159000000	159010000
6	159650000	159660000	6	159160000	159170000
7	56100000	56110000	7	54750000	54760000
7	38100000	38110000	7	37910000	37920000
7	40040000	40050000	7	39950000	39960000
7	43570000	43580000	7	42930000	42940000
7	43840000	43850000	7	42930000	42940000
7	43700000	43710000	7	43580000	43590000
7	45110000	45120000	7	44060000	44070000
7	44920000	44930000	7	44580000	44590000
7	45130000	45140000	7	44580000	44590000
7	45260000	45270000	7	45150000	45160000
7	47800000	47810000	7	47580000	47590000
7	49780000	49790000	7	47940000	47950000
7	49850000	49860000	7	47940000	47950000
7	51060000	51070000	7	50090000	50100000
7	51150000	51160000	7	50090000	50100000
1	150990000	151000000	1	150250000	150260000
7	2200000	2210000	7	1570000	1580000
7	2350000	2360000	7	1570000	1580000
1	152000000	152010000	1	151190000	151200000
7	2340000	2350000	7	2230000	2240000
7	3650000	3660000	7	3300000	3310000
7	3890000	3900000	7	3300000	3310000
7	12490000	12500000	7	11830000	11840000
7	16910000	16920000	7	16800000	16810000
7	18330000	18340000	7	17940000	17950000
7	22080000	22090000	7	20780000	20790000
1	153210000	153220000	1	152870000	152880000
1	153490000	153500000	1	153350000	153360000
7	27770000	27780000	7	27200000	27210000
1	153760000	153770000	1	153670000	153680000
7	27580000	27590000	7	27200000	27210000
1	153970000	153980000	1	153670000	153680000
7	29340000	29350000	7	29190000	29200000
7	29400000	29410000	7	29190000	29200000
7	30490000	30500000	7	30280000	30290000
1	155050000	155060000	1	154560000	154570000
7	74390000	74400000	7	73860000	73870000
7	85460000	85470000	7	85180000	85190000
7	85550000	85560000	7	85180000	85190000
7	111720000	111730000	7	111090000	111100000
7	112390000	112400000	7	112200000	112210000
7	112450000	112460000	7	112200000	112210000
7	116790000	116800000	7	116670000	116680000
7	121340000	121350000	7	120980000	120990000
7	121080000	121090000	7	120980000	120990000
7	121550000	121560000	7	120980000	120990000
7	121990000	122000000	7	120980000	120990000
7	128200000	128210000	7	128030000	128040000
1	160380000	160390000	1	160090000	160100000
7	134950000	134960000	7	134520000	134530000
7	135160000	135170000	7	134980000	134990000
7	138740000	138750000	7	138000000	138010000
1	161370000	161380000	1	161200000	161210000
7	138730000	138740000	7	138460000	138470000
7	139990000	140000000	7	139770000	139780000
7	140310000	140320000	7	140170000	140180000
1	161740000	161750000	1	161200000	161210000
7	94390000	94400000	7	93890000	93900000
7	94080000	94090000	7	93900000	93910000
7	98160000	98170000	7	97110000	97120000
7	100050000	100060000	7	99910000	99920000
7	100860000	100870000	7	100100000	100110000
7	100850000	100860000	7	100460000	100470000
7	100560000	100570000	7	100470000	100480000
7	100690000	100700000	7	100470000	100480000
7	101060000	101070000	7	100570000	100580000
7	100840000	100850000	7	100700000	100710000
7	102420000	102430000	7	100870000	100880000
7	101060000	101070000	7	100890000	100900000
7	102440000	102450000	7	101160000	101170000
7	106870000	106880000	7	105010000	105020000
7	106020000	106030000	7	105870000	105880000
7	107150000	107160000	7	106660000	106670000
7	107870000	107880000	7	107740000	107750000
7	150760000	150770000	7	150340000	150350000
1	163170000	163180000	1	162860000	162870000
8	810000	820000	8	730000	740000
8	9820000	9830000	8	9150000	9160000
1	200800000	200810000	1	200620000	200630000
8	56780000	56790000	8	56440000	56450000
8	56920000	56930000	8	56440000	56450000
8	57110000	57120000	8	56440000	56450000
8	62380000	62390000	8	62240000	62250000
8	63170000	63180000	8	63030000	63040000
8	65940000	65950000	8	65840000	65850000
8	67480000	67490000	8	67340000	67350000
1	202310000	202320000	1	202190000	202200000
1	202710000	202720000	1	202340000	202350000
8	23430000	23440000	8	22240000	22250000
8	24210000	24220000	8	23160000	23170000
8	27590000	27600000	8	27310000	27320000
8	27420000	27430000	8	27320000	27330000
1	204510000	204520000	1	203300000	203310000
8	31100000	31110000	8	30910000	30920000
8	31180000	31190000	8	30910000	30920000
1	204120000	204130000	1	203350000	203360000
8	43140000	43150000	8	41490000	41500000
1	204130000	204140000	1	203860000	203870000
8	42800000	42810000	8	42690000	42700000
8	43070000	43080000	8	42690000	42700000
1	204370000	204380000	1	203860000	203870000
1	204360000	204370000	1	204160000	204170000
8	54150000	54160000	8	53840000	53850000
8	54140000	54150000	8	54020000	54030000
8	121820000	121830000	8	121640000	121650000
8	122560000	122570000	8	121640000	121650000
8	122630000	122640000	8	121640000	121650000
8	125630000	125640000	8	125430000	125440000
8	129240000	129250000	8	127730000	127740000
1	206980000	206990000	1	206610000	206620000
8	128660000	128670000	8	127730000	127740000
8	129540000	129550000	8	127730000	127740000
8	133440000	133450000	8	132480000	132490000
1	207400000	207410000	1	207080000	207090000
8	133880000	133890000	8	133570000	133580000
8	140090000	140100000	8	139700000	139710000
8	142460000	142470000	8	141500000	141510000
8	141700000	141710000	8	141500000	141510000
8	143040000	143050000	8	142770000	142780000
8	74080000	74090000	8	73290000	73300000
8	74330000	74340000	8	73740000	73750000
8	74330000	74340000	8	73970000	73980000
1	209680000	209690000	1	209580000	209590000
8	80020000	80030000	8	78510000	78520000
8	80020000	80030000	8	79760000	79770000
8	80220000	80230000	8	80080000	80090000
8	86340000	86350000	8	85220000	85230000
8	89680000	89690000	8	88320000	88330000
8	90560000	90570000	8	90000000	90010000
8	90640000	90650000	8	90000000	90010000
8	90940000	90950000	8	90000000	90010000
8	91070000	91080000	8	90000000	90010000
8	91390000	91400000	8	90000000	90010000
8	91070000	91080000	8	90980000	90990000
8	91390000	91400000	8	90980000	90990000
1	211650000	211660000	1	211320000	211330000
1	211490000	211500000	1	211320000	211330000
8	95010000	95020000	8	94940000	94950000
8	97550000	97560000	8	96230000	96240000
8	96990000	97000000	8	96490000	96500000
8	99350000	99360000	8	98940000	98950000
8	100120000	100130000	8	98940000	98950000
8	100540000	100550000	8	100140000	100150000
8	100820000	100830000	8	100140000	100150000
8	100710000	100720000	8	100150000	100160000
8	102800000	102810000	8	102650000	102660000
8	109330000	109340000	8	108240000	108250000
8	108450000	108460000	8	108240000	108250000
8	109540000	109550000	8	108240000	108250000
8	109540000	109550000	8	108440000	108450000
9	20930000	20940000	9	20620000	20630000
9	21110000	21120000	9	20620000	20630000
9	27560000	27570000	9	26950000	26960000
9	33230000	33240000	9	32380000	32390000
9	35470000	35480000	9	34890000	34900000
9	35550000	35560000	9	34890000	34900000
9	4730000	4740000	9	2840000	2850000
9	5430000	5440000	9	4670000	4680000
9	6010000	6020000	9	4670000	4680000
9	5430000	5440000	9	4980000	4990000
9	5590000	5600000	9	4980000	4990000
9	5590000	5600000	9	5180000	5190000
9	5720000	5730000	9	5620000	5630000
9	68990000	69000000	9	68780000	68790000
9	70600000	70610000	9	69670000	69680000
9	70600000	70610000	9	70250000	70260000
9	94170000	94180000	9	92760000	92770000
9	98260000	98270000	9	97920000	97930000
9	98020000	98030000	9	97930000	97940000
9	101530000	101540000	9	101390000	101400000
9	105860000	105870000	9	104760000	104770000
9	108270000	108280000	9	107480000	107490000
9	108940000	108950000	9	107480000	107490000
9	129780000	129790000	9	129130000	129140000
9	130230000	130240000	9	129130000	129140000
9	129620000	129630000	9	129130000	129140000
9	131740000	131750000	9	131500000	131510000
9	132970000	132980000	9	132410000	132420000
9	133710000	133720000	9	133530000	133540000
9	135410000	135420000	9	135080000	135090000
9	136120000	136130000	9	135700000	135710000
9	136120000	136130000	9	135960000	135970000
9	137230000	137240000	9	137040000	137050000
9	113340000	113350000	9	111630000	111640000
9	113650000	113660000	9	113270000	113280000
9	113400000	113410000	9	113300000	113310000
9	114370000	114380000	9	113400000	113410000
9	114290000	114300000	9	114090000	114100000
9	116560000	116570000	9	116150000	116160000
9	124080000	124090000	9	122510000	122520000
9	124850000	124860000	9	124770000	124780000
9	125370000	125380000	9	124770000	124780000
9	126780000	126790000	9	126610000	126620000
9	78230000	78240000	9	77170000	77180000
1	167930000	167940000	1	167720000	167730000
9	89920000	89930000	9	89600000	89610000
1	3720000	3730000	1	3450000	3460000
10	44850000	44860000	10	44380000	44390000
10	50620000	50630000	10	48680000	48690000
10	52480000	52490000	10	52310000	52320000
10	55560000	55570000	10	54800000	54810000
10	4650000	4660000	10	3780000	3790000
10	5420000	5430000	10	4820000	4830000
10	5610000	5620000	10	4820000	4830000
10	5860000	5870000	10	4820000	4830000
10	5930000	5940000	10	4820000	4830000
1	19090000	19100000	1	18900000	18910000
10	18650000	18660000	10	16810000	16820000
10	17730000	17740000	10	17610000	17620000
10	17860000	17870000	10	17610000	17620000
1	172710000	172720000	1	172440000	172450000
10	62030000	62040000	10	61900000	61910000
10	69630000	69640000	10	69410000	69420000
10	71580000	71590000	10	71310000	71320000
10	71700000	71710000	10	71310000	71320000
10	71810000	71820000	10	71310000	71320000
10	71890000	71900000	10	71310000	71320000
10	71560000	71570000	10	71390000	71400000
10	73780000	73790000	10	72270000	72280000
10	20850000	20860000	10	19810000	19820000
10	22230000	22240000	10	22000000	22010000
10	22320000	22330000	10	22000000	22010000
10	25010000	25020000	10	23430000	23440000
10	28540000	28550000	10	27240000	27250000
10	28870000	28880000	10	28670000	28680000
10	31320000	31330000	10	31030000	31040000
10	34210000	34220000	10	33330000	33340000
10	34380000	34390000	10	33330000	33340000
10	34520000	34530000	10	33330000	33340000
1	175000000	175010000	1	173860000	173870000
10	35210000	35220000	10	35120000	35130000
10	35910000	35920000	10	35640000	35650000
10	79270000	79280000	10	78030000	78040000
10	79470000	79480000	10	78030000	78040000
10	84530000	84540000	10	84320000	84330000
10	88550000	88560000	10	87650000	87660000
10	88800000	88810000	10	87650000	87660000
10	88920000	88930000	10	87650000	87660000
10	89210000	89220000	10	87650000	87660000
10	88390000	88400000	10	87860000	87870000
10	88110000	88120000	10	87860000	87870000
10	89560000	89570000	10	89250000	89260000
10	91230000	91240000	10	89410000	89420000
1	38830000	38840000	1	37590000	37600000
10	110880000	110890000	10	110300000	110310000
10	119420000	119430000	10	119200000	119210000
10	124430000	124440000	10	123140000	123150000
10	92850000	92860000	10	92680000	92690000
10	98040000	98050000	10	97680000	97690000
10	100430000	100440000	10	100330000	100340000
10	100870000	100880000	10	100330000	100340000
10	102820000	102830000	10	102740000	102750000
10	103330000	103340000	10	102830000	102840000
10	103330000	103340000	10	102910000	102920000
10	128150000	128160000	10	127890000	127900000
10	128000000	128010000	10	127900000	127910000
10	128070000	128080000	10	127900000	127910000
11	46530000	46540000	11	46380000	46390000
11	59140000	59150000	11	57330000	57340000
11	57640000	57650000	11	57460000	57470000
11	57640000	57650000	11	57560000	57570000
11	59140000	59150000	11	57660000	57670000
11	59140000	59150000	11	58570000	58580000
11	59800000	59810000	11	59170000	59180000
1	179360000	179370000	1	179080000	179090000
11	62110000	62120000	11	61790000	61800000
11	62550000	62560000	11	62410000	62420000
11	69640000	69650000	11	69290000	69300000
11	70190000	70200000	11	69700000	69710000
11	2000000	2010000	11	1830000	1840000
11	4070000	4080000	11	3840000	3850000
11	3960000	3970000	11	3850000	3860000
11	5000000	5010000	11	4630000	4640000
1	180030000	180040000	1	179870000	179880000
11	6680000	6690000	11	6600000	6610000
1	181090000	181100000	1	179870000	179880000
11	14890000	14900000	11	14520000	14530000
11	17500000	17510000	11	17380000	17390000
11	17970000	17980000	11	17730000	17740000
11	18510000	18520000	11	18320000	18330000
11	20380000	20390000	11	18630000	18640000
11	20360000	20370000	11	19240000	19250000
11	22780000	22790000	11	22330000	22340000
11	22820000	22830000	11	22620000	22630000
11	27480000	27490000	11	27360000	27370000
11	29330000	29340000	11	27500000	27510000
11	29150000	29160000	11	27700000	27710000
11	33330000	33340000	11	33160000	33170000
11	33750000	33760000	11	33160000	33170000
1	182050000	182060000	1	181480000	181490000
11	35390000	35400000	11	34510000	34520000
11	35480000	35490000	11	34510000	34520000
11	36490000	36500000	11	34910000	34920000
11	36130000	36140000	11	35610000	35620000
11	36260000	36270000	11	35610000	35620000
11	36490000	36500000	11	35610000	35620000
11	36750000	36760000	11	35610000	35620000
11	36480000	36490000	11	36290000	36300000
11	94490000	94500000	11	93660000	93670000
11	95780000	95790000	11	94970000	94980000
11	100840000	100850000	11	100680000	100690000
1	182580000	182590000	1	182450000	182460000
11	102490000	102500000	11	102340000	102350000
11	108650000	108660000	11	107560000	107570000
11	108650000	108660000	11	108000000	108010000
1	182780000	182790000	1	182600000	182610000
11	108650000	108660000	11	108120000	108130000
11	108290000	108300000	11	108220000	108230000
11	129690000	129700000	11	129370000	129380000
1	39080000	39090000	1	38850000	38860000
1	183910000	183920000	1	183650000	183660000
1	184050000	184060000	1	183650000	183660000
11	75530000	75540000	11	75390000	75400000
11	76310000	76320000	11	76200000	76210000
11	76510000	76520000	11	76200000	76210000
11	76680000	76690000	11	76200000	76210000
1	184220000	184230000	1	183650000	183660000
11	77550000	77560000	11	77120000	77130000
11	78580000	78590000	11	77630000	77640000
11	78560000	78570000	11	78410000	78420000
1	184680000	184690000	1	183650000	183660000
11	83250000	83260000	11	82900000	82910000
11	83160000	83170000	11	83070000	83080000
11	86290000	86300000	11	85850000	85860000
11	112270000	112280000	11	111870000	111880000
11	112280000	112290000	11	111930000	111940000
11	113770000	113780000	11	112220000	112230000
11	114410000	114420000	11	113870000	113880000
11	121190000	121200000	11	120510000	120520000
11	120930000	120940000	11	120510000	120520000
11	121110000	121120000	11	120510000	120520000
11	121580000	121590000	11	121450000	121460000
11	122750000	122760000	11	122650000	122660000
1	185680000	185690000	1	184970000	184980000
11	126200000	126210000	11	125590000	125600000
1	185150000	185160000	1	185040000	185050000
11	126480000	126490000	11	126300000	126310000
11	126990000	127000000	11	126300000	126310000
12	2280000	2290000	12	2050000	2060000
12	2580000	2590000	12	2050000	2060000
12	3030000	3040000	12	2850000	2860000
12	3270000	3280000	12	3070000	3080000
12	8880000	8890000	12	8660000	8670000
12	9040000	9050000	12	8660000	8670000
1	185670000	185680000	1	185310000	185320000
12	42320000	42330000	12	42140000	42150000
12	42320000	42330000	12	42230000	42240000
12	49510000	49520000	12	49360000	49370000
12	50060000	50070000	12	49960000	49970000
12	50630000	50640000	12	50500000	50510000
12	51340000	51350000	12	50500000	50510000
12	51340000	51350000	12	51040000	51050000
12	55930000	55940000	12	55740000	55750000
12	55930000	55940000	12	55810000	55820000
12	56460000	56470000	12	56300000	56310000
12	56730000	56740000	12	56640000	56650000
12	57060000	57070000	12	56750000	56760000
12	56990000	57000000	12	56760000	56770000
12	59790000	59800000	12	59590000	59600000
12	66400000	66410000	12	66130000	66140000
12	66700000	66710000	12	66130000	66140000
1	193020000	193030000	1	192800000	192810000
12	68310000	68320000	12	68220000	68230000
1	194290000	194300000	1	192800000	192810000
1	194290000	194300000	1	193180000	193190000
12	27000000	27010000	12	26930000	26940000
12	27300000	27310000	12	27020000	27030000
12	27700000	27710000	12	27020000	27030000
12	32740000	32750000	12	31650000	31660000
12	75490000	75500000	12	75330000	75340000
12	76040000	76050000	12	75330000	75340000
12	76450000	76460000	12	75330000	75340000
12	76580000	76590000	12	75330000	75340000
12	76350000	76360000	12	75510000	75520000
12	89450000	89460000	12	89350000	89360000
12	110880000	110890000	12	110450000	110460000
12	110590000	110600000	12	110450000	110460000
12	110690000	110700000	12	110610000	110620000
12	110820000	110830000	12	110610000	110620000
12	113160000	113170000	12	113050000	113060000
12	118030000	118040000	12	117190000	117200000
12	117830000	117840000	12	117360000	117370000
12	120970000	120980000	12	120580000	120590000
12	122030000	122040000	12	121910000	121920000
12	122120000	122130000	12	121910000	121920000
12	122190000	122200000	12	121910000	121920000
12	123230000	123240000	12	122770000	122780000
12	123230000	123240000	12	122970000	122980000
12	123610000	123620000	12	122970000	122980000
12	126870000	126880000	12	125180000	125190000
12	94100000	94110000	12	92920000	92930000
12	94430000	94440000	12	94140000	94150000
12	94520000	94530000	12	94140000	94150000
12	95070000	95080000	12	94140000	94150000
12	95220000	95230000	12	94140000	94150000
12	95330000	95340000	12	94140000	94150000
12	100730000	100740000	12	100350000	100360000
12	102740000	102750000	12	102480000	102490000
12	105120000	105130000	12	103960000	103970000
12	108510000	108520000	12	107680000	107690000
12	108800000	108810000	12	108560000	108570000
12	108950000	108960000	12	108560000	108570000
1	219170000	219180000	1	218340000	218350000
12	109380000	109390000	12	109110000	109120000
12	128380000	128390000	12	128260000	128270000
13	38870000	38880000	13	37100000	37110000
13	38520000	38530000	13	37100000	37110000
1	221430000	221440000	1	220870000	220880000
13	48310000	48320000	13	48230000	48240000
13	51580000	51590000	13	51450000	51460000
13	51790000	51800000	13	51580000	51590000
13	20480000	20490000	13	20190000	20200000
13	20700000	20710000	13	20190000	20200000
13	20830000	20840000	13	20190000	20200000
13	20870000	20880000	13	20190000	20200000
13	23370000	23380000	13	21600000	21610000
13	32430000	32440000	13	32310000	32320000
13	33540000	33550000	13	32580000	32590000
13	33720000	33730000	13	32580000	32590000
13	36980000	36990000	13	36340000	36350000
13	36730000	36740000	13	36430000	36440000
13	77720000	77730000	13	77020000	77030000
13	79390000	79400000	13	78600000	78610000
1	227440000	227450000	1	226540000	226550000
13	97430000	97440000	13	95670000	95680000
13	98420000	98430000	13	98140000	98150000
13	98660000	98670000	13	98140000	98150000
13	100510000	100520000	13	99980000	99990000
13	106680000	106690000	13	106560000	106570000
13	108200000	108210000	13	106560000	106570000
13	109780000	109790000	13	108210000	108220000
13	110110000	110120000	13	109780000	109790000
1	42740000	42750000	1	42330000	42340000
14	24430000	24440000	14	24230000	24240000
1	231600000	231610000	1	230640000	230650000
14	32230000	32240000	14	32070000	32080000
14	38710000	38720000	14	38250000	38260000
14	39430000	39440000	14	39100000	39110000
14	39270000	39280000	14	39170000	39180000
1	231530000	231540000	1	231420000	231430000
14	45250000	45260000	14	45130000	45140000
14	50110000	50120000	14	49620000	49630000
14	51970000	51980000	14	51650000	51660000
14	54780000	54790000	14	54560000	54570000
14	54710000	54720000	14	54560000	54570000
14	57310000	57320000	14	55440000	55450000
14	60250000	60260000	14	58420000	58430000
14	59440000	59450000	14	58630000	58640000
1	233230000	233240000	1	232630000	232640000
14	61830000	61840000	14	61280000	61290000
14	62120000	62130000	14	61280000	61290000
14	65820000	65830000	14	65410000	65420000
14	65950000	65960000	14	65410000	65420000
14	71740000	71750000	14	71320000	71330000
14	75260000	75270000	14	73760000	73770000
14	75490000	75500000	14	75120000	75130000
14	77020000	77030000	14	75270000	75280000
14	80840000	80850000	14	80210000	80220000
14	81200000	81210000	14	80950000	80960000
14	90690000	90700000	14	90390000	90400000
14	92800000	92810000	14	92120000	92130000
1	234730000	234740000	1	234610000	234620000
14	96500000	96510000	14	95530000	95540000
14	101630000	101640000	14	100900000	100910000
14	101230000	101240000	14	100900000	100910000
14	102310000	102320000	14	101960000	101970000
14	104630000	104640000	14	104080000	104090000
14	104560000	104570000	14	104130000	104140000
15	24840000	24850000	15	23640000	23650000
15	25500000	25510000	15	23640000	23650000
15	34210000	34220000	15	34100000	34110000
15	34970000	34980000	15	34220000	34230000
15	38670000	38680000	15	38560000	38570000
15	40270000	40280000	15	39780000	39790000
15	40420000	40430000	15	40340000	40350000
15	41900000	41910000	15	41770000	41780000
15	42650000	42660000	15	42540000	42550000
15	50430000	50440000	15	50350000	50360000
15	50880000	50890000	15	50680000	50690000
15	52140000	52150000	15	51970000	51980000
1	236860000	236870000	1	236600000	236610000
1	237560000	237570000	1	236600000	236610000
15	65280000	65290000	15	65040000	65050000
15	65290000	65300000	15	65180000	65190000
15	70460000	70470000	15	70090000	70100000
15	73260000	73270000	15	72320000	72330000
15	74760000	74770000	15	74360000	74370000
15	74950000	74960000	15	74360000	74370000
15	75650000	75660000	15	75360000	75370000
15	81260000	81270000	15	80980000	80990000
15	83560000	83570000	15	83010000	83020000
15	88440000	88450000	15	88250000	88260000
15	88890000	88900000	15	88620000	88630000
15	89330000	89340000	15	88630000	88640000
15	89870000	89880000	15	89750000	89760000
15	90080000	90090000	15	89750000	89760000
15	90070000	90080000	15	89890000	89900000
15	92700000	92710000	15	92390000	92400000
15	93300000	93310000	15	93080000	93090000
1	243240000	243250000	1	241530000	241540000
15	101000000	101010000	15	100910000	100920000
15	101640000	101650000	15	101290000	101300000
16	46810000	46820000	16	46680000	46690000
16	48120000	48130000	16	47140000	47150000
16	48620000	48630000	16	48240000	48250000
16	50660000	50670000	16	50020000	50030000
16	53140000	53150000	16	53050000	53060000
16	53210000	53220000	16	53050000	53060000
16	54930000	54940000	16	54280000	54290000
16	1100000	1110000	16	700000	710000
16	1090000	1100000	16	800000	810000
16	3470000	3480000	16	3130000	3140000
16	6640000	6650000	16	6010000	6020000
16	13440000	13450000	16	12900000	12910000
16	14600000	14610000	16	13920000	13930000
16	22290000	22300000	16	22200000	22210000
16	24500000	24510000	16	23670000	23680000
16	30620000	30630000	16	30050000	30060000
16	30610000	30620000	16	30430000	30440000
16	30530000	30540000	16	30440000	30450000
16	57160000	57170000	16	56860000	56870000
16	57160000	57170000	16	56960000	56970000
16	58120000	58130000	16	58020000	58030000
16	58750000	58760000	16	58500000	58510000
16	66270000	66280000	16	65120000	65130000
16	67170000	67180000	16	66960000	66970000
1	245370000	245380000	1	245150000	245160000
16	68220000	68230000	16	67880000	67890000
16	68220000	68230000	16	67990000	68000000
16	69120000	69130000	16	68530000	68540000
16	69290000	69300000	16	68530000	68540000
16	69110000	69120000	16	68840000	68850000
1	245510000	245520000	1	245150000	245160000
1	245680000	245690000	1	245150000	245160000
16	75650000	75660000	16	74290000	74300000
16	75390000	75400000	16	74700000	74710000
1	245850000	245860000	1	245150000	245160000
16	75110000	75120000	16	74700000	74710000
16	77190000	77200000	16	75560000	75570000
16	84480000	84490000	16	83950000	83960000
16	87070000	87080000	16	86560000	86570000
16	87280000	87290000	16	86560000	86570000
16	87630000	87640000	16	86560000	86570000
16	87760000	87770000	16	86560000	86570000
16	87900000	87910000	16	86560000	86570000
17	690000	700000	17	410000	420000
17	2240000	2250000	17	2050000	2060000
17	4880000	4890000	17	4710000	4720000
17	6430000	6440000	17	5430000	5440000
17	7580000	7590000	17	7030000	7040000
17	7840000	7850000	17	7030000	7040000
17	7300000	7310000	17	7040000	7050000
17	7840000	7850000	17	7240000	7250000
17	7680000	7690000	17	7260000	7270000
17	8300000	8310000	17	8080000	8090000
17	8760000	8770000	17	8080000	8090000
17	13010000	13020000	17	11990000	12000000
